17 44 76 108 1687 80 1 0 0 0 0 0 0
10 30 84 123 1687 80 1 0 0 0 0 0 0
8 19 99 125 1623 100 1 0 0 0 0 0 0
13 45 99 126 1353 290 1 0 0 0 0 0 0
60 260 37 126 1353 185 1 0 0 0 0 0 0
20 87 64 127 1387 40 1 0 0 0 0 0 0
230 432 23 199 1687 150 1 0 0 0 0 0 0
11 20 124 172 1687 150 1 0 0 0 0 0 0
15 26 53 148 1687 150 1 0 0 0 0 0 0
46 167 53 143 1687 150 1 0 0 0 0 0 0
13 48 76 143 1687 150 1 0 0 0 0 0 0
42 69 97 119 1687 150 1 0 0 0 0 0 0
15 54 102 158 1687 150 1 0 0 0 0 0 0
22 60 62 111 1687 150 1 0 0 0 0 0 0
30 68 36 133 1687 150 1 0 0 0 0 0 0
59 133 50 134 1687 150 1 0 0 0 0 0 0
167 282 11 143 1687 150 1 0 0 0 0 0 0
38 76 79 134 1687 150 1 0 0 0 0 0 0
8 25 92 126 1687 150 1 0 0 0 0 0 0
15 27 96 141 1687 200 1 0 0 0 0 0 0
18 34 87 141 1687 200 1 0 0 0 0 0 0
13 29 101 134 1687 200 1 0 0 0 0 0 0
10 19 107 150 1687 200 1 0 0 0 0 0 0
15 39 92 141 1687 200 1 0 0 0 0 0 0
17 35 123 148 1687 200 1 0 0 0 0 0 0
9 23 77 111 1373 40 1 0 0 0 0 0 0
19 39 75 118 1373 40 1 0 0 0 0 0 0
9 18 97 119 1627 40 1 0 0 0 0 0 0
92 253 33 140 1373 40 1 0 0 0 0 0 0
15 38 51 124 1373 40 1 0 0 0 0 0 0
9 33 99 132 1373 40 1 0 0 0 0 0 0
19 63 47 125 1387 40 1 0 0 0 0 0 0
9 24 80 119 1387 40 1 0 0 0 0 0 0
10 28 70 111 1387 50 1 0 0 0 0 0 0
29 62 15 119 1387 50 1 0 0 0 0 0 0
16 43 55 127 1387 50 1 0 0 0 0 0 0
15 39 55 125 1353 70 1 0 0 0 0 0 0
34 72 77 135 1353 70 1 0 0 0 0 0 0
36 48 73 100 1333 40 1 0 0 0 0 0 0
22 23 79 126 1633 250 1 0 0 0 0 0 0
35 54 90 132 1687 200 1 0 0 0 0 0 0
30 36 65 124 1353 70 1 0 0 0 0 0 0
20 26 66 124 1627 40 1 0 0 0 0 0 0
30 50 88 116 1627 40 1 0 0 0 0 0 0
16 21 96 132 1690 60 1 0 0 0 0 0 0
43 49 67 110 1690 60 1 0 0 0 0 0 0
12 13 85 116 1686 60 1 0 0 0 0 0 0
11 17 91 124 1682 60 1 0 0 0 0 0 0
14 12 67 100 1688 60 1 0 0 0 0 0 0
9 11 95 125 1690 60 1 0 0 0 0 0 0
9 13 100 132 1690 60 1 0 0 0 0 0 0
47 66 51 109 1690 60 1 0 0 0 0 0 0
20 27 72 109 1688 60 1 0 0 0 0 0 0
20 24 69 108 1650 69 1 0 0 0 0 0 0
20 34 95 125 1648 69 1 0 0 0 0 0 0
20 27 88 126 1646 69 1 0 0 0 0 0 0
14 7 120 149 1650 69 1 0 0 0 0 0 0
25 30 85 119 1650 100 1 0 0 0 0 0 0
10 12 94 132 1710 100 1 0 0 0 0 0 0
10 15 99 123 1360 100 1 0 0 0 0 0 0
10 10 81 111 1360 100 1 0 0 0 0 0 0
10 11 100 132 1362 120 1 0 0 0 0 0 0
14 11 84 126 1362 120 1 0 0 0 0 0 0
9 12 87 118 1632 100 1 0 0 0 0 0 0
9 11 99 127 1632 100 1 0 0 0 0 0 0
43 60 77 118 1632 100 1 0 0 0 0 0 0
13 20 84 116 1630 100 1 0 0 0 0 0 0
8 13 95 116 1654 100 1 0 0 0 0 0 0
15 14 73 94 1656 100 1 0 0 0 0 0 0
12 9 71 101 1656 100 1 0 0 0 0 0 0
14 13 77 100 1658 100 1 0 0 0 0 0 0
21 28 81 116 1648 100 1 0 0 0 0 0 0
15 20 99 119 1656 100 1 0 0 0 0 0 0
17 18 58 93 1694 211 1 0 0 0 0 0 0
9 12 62 92 1694 211 1 0 0 0 0 0 0
8 6 80 116 1692 143 1 0 0 0 0 0 0
24 31 90 143 1692 143 1 0 0 0 0 0 0
20 23 101 141 1352 80 1 0 0 0 0 0 0
165 285 64 140 1400 40 1 0 0 0 0 0 0
134 201 16 133 1380 40 1 0 0 0 0 0 0
142 185 47 126 1666 40 1 0 0 0 0 0 0
13 17 97 126 1666 40 1 0 0 0 0 0 0
11 7 89 111 1364 60 1 0 0 0 0 0 0
481 604 21 141 1362 60 1 0 0 0 0 0 0
18 16 55 97 1360 200 1 0 0 0 0 0 0
14 17 94 140 1392 220 1 0 0 0 0 0 0
13 20 106 128 1392 220 1 0 0 0 0 0 0
19 32 78 127 1362 40 1 0 0 0 0 0 0
25 36 92 132 1364 40 1 0 0 0 0 0 0
36 39 68 135 1364 40 1 0 0 0 0 0 0
36 52 63 132 1364 40 1 0 0 0 0 0 0
45 69 44 124 1362 40 1 0 0 0 0 0 0
44 67 72 124 1360 40 1 0 0 0 0 0 0
18 22 49 109 1364 100 1 0 0 0 0 0 0
9 7 87 109 1366 100 1 0 0 0 0 0 0
28 29 91 126 1358 40 1 0 0 0 0 0 0
18 26 103 126 1690 70 1 0 0 0 0 0 0
29 43 99 125 1690 70 1 0 0 0 0 0 0
15 19 100 127 1694 70 1 0 0 0 0 0 0
11 16 95 127 1692 70 1 0 0 0 0 0 0
8 12 111 135 1692 70 1 0 0 0 0 0 0
13 21 89 111 1690 70 1 0 0 0 0 0 0
23 28 49 126 1626 120 1 0 0 0 0 0 0
57 103 66 133 1362 175 1 0 0 0 0 0 0
32 57 46 108 1632 125 1 0 0 0 0 0 0
17 15 71 127 1634 125 1 0 0 0 0 0 0
146 197 19 141 1634 125 1 0 0 0 0 0 0
22 28 89 140 1632 125 1 0 0 0 0 0 0
22 26 87 134 1626 125 1 0 0 0 0 0 0
16 17 84 127 1358 40 1 0 0 0 0 0 0
24 32 84 126 1350 50 1 0 0 0 0 0 0
26 35 68 125 1354 50 1 0 0 0 0 0 0
24 28 23 94 1698 90 1 0 0 0 0 0 0
24 32 90 125 1696 90 1 0 0 0 0 0 0
29 84 30 93 1696 90 1 0 0 0 0 0 0
33 70 45 95 1698 90 1 0 0 0 0 0 0
12 30 38 101 1698 90 1 0 0 0 0 0 0
35 45 80 124 1700 90 1 0 0 0 0 0 0
13 20 89 134 1698 90 1 0 0 0 0 0 0
63 86 88 124 1698 90 1 0 0 0 0 0 0
78 98 91 126 1696 90 1 0 0 0 0 0 0
37 42 86 124 1696 90 1 0 0 0 0 0 0
24 33 90 119 1698 90 1 0 0 0 0 0 0
26 30 64 126 1696 90 1 0 0 0 0 0 0
20 27 94 125 1694 90 1 0 0 0 0 0 0
56 70 77 125 1696 90 1 0 0 0 0 0 0
59 87 62 127 1696 90 1 0 0 0 0 0 0
28 32 77 127 1698 90 1 0 0 0 0 0 0
65 103 68 127 1698 90 1 0 0 0 0 0 0
22 31 74 126 1698 90 1 0 0 0 0 0 0
35 45 85 127 1700 90 1 0 0 0 0 0 0
50 89 63 127 1698 90 1 0 0 0 0 0 0
37 54 62 125 1698 90 1 0 0 0 0 0 0
24 32 81 126 1698 90 1 0 0 0 0 0 0
17 23 84 124 1688 70 1 0 0 0 0 0 0
251 427 30 133 1688 70 1 0 0 0 0 0 0
15 18 106 127 1356 40 1 0 0 0 0 0 0
18 26 80 127 1362 40 1 0 0 0 0 0 0
18 23 79 127 1698 60 1 0 0 0 0 0 0
14 20 110 134 1696 60 1 0 0 0 0 0 0
213 359 28 126 1364 80 1 0 0 0 0 0 0
15 50 65 126 1360 100 1 0 0 0 0 0 0
26 31 66 125 1358 40 1 0 0 0 0 0 0
16 18 89 126 1358 40 1 0 0 0 0 0 0
14 14 84 135 1362 40 1 0 0 0 0 0 0
221 357 37 133 1360 40 1 0 0 0 0 0 0
33 53 49 127 1358 40 1 0 0 0 0 0 0
20 33 68 126 1358 40 1 0 0 0 0 0 0
43 61 78 126 1360 40 1 0 0 0 0 0 0
27 31 75 125 1360 40 1 0 0 0 0 0 0
24 28 102 143 1360 70 1 0 0 0 0 0 0
19 19 99 143 1358 70 1 0 0 0 0 0 0
26 26 97 143 1358 70 1 0 0 0 0 0 0
21 34 91 151 1356 70 1 0 0 0 0 0 0
47 56 106 156 1358 70 1 0 0 0 0 0 0
18 24 120 150 1358 70 1 0 0 0 0 0 0
20 22 103 156 1358 70 1 0 0 0 0 0 0
18 21 101 156 1358 70 1 0 0 0 0 0 0
33 17 116 143 1708 100 0 1 0 0 0 0 0
13 6 108 132 1354 70 0 1 0 0 0 0 0
33 31 100 132 1354 70 0 1 0 0 0 0 0
41 56 71 117 1354 70 0 1 0 0 0 0 0
19 11 99 118 1354 70 0 1 0 0 0 0 0
20 15 109 140 1354 70 0 1 0 0 0 0 0
143 172 80 116 1354 70 0 1 0 0 0 0 0
201 161 96 127 1354 70 0 1 0 0 0 0 0
90 54 104 135 1354 70 0 1 0 0 0 0 0
54 59 92 127 1356 70 0 1 0 0 0 0 0
53 56 79 118 1352 70 0 1 0 0 0 0 0
33 36 98 125 1354 70 0 1 0 0 0 0 0
16 23 46 86 1356 70 0 1 0 0 0 0 0
35 42 47 95 1356 70 0 1 0 0 0 0 0
12 13 86 110 1356 70 0 1 0 0 0 0 0
16 19 109 126 1354 70 0 1 0 0 0 0 0
17 15 97 132 1354 70 0 1 0 0 0 0 0
49 42 78 101 1356 70 0 1 0 0 0 0 0
22 21 105 127 1358 70 0 1 0 0 0 0 0
14 14 98 125 1358 70 0 1 0 0 0 0 0
38 21 106 134 1354 70 0 1 0 0 0 0 0
28 19 89 111 1354 70 0 1 0 0 0 0 0
15 12 70 93 1354 70 0 1 0 0 0 0 0
15 11 36 84 1356 70 0 1 0 0 0 0 0
23 12 104 127 1356 70 0 1 0 0 0 0 0
94 94 94 124 1356 70 0 1 0 0 0 0 0
748 403 93 143 1358 70 0 1 0 0 0 0 0
65 40 84 111 1356 70 0 1 0 0 0 0 0
13 12 85 103 1354 70 0 1 0 0 0 0 0
19 13 109 132 1354 70 0 1 0 0 0 0 0
12 7 101 124 1356 70 0 1 0 0 0 0 0
50 56 33 84 1354 70 0 1 0 0 0 0 0
28 16 95 118 1356 70 0 1 0 0 0 0 0
24 12 95 119 1356 70 0 1 0 0 0 0 0
17 17 90 116 1356 70 0 1 0 0 0 0 0
28 25 105 126 1356 70 0 1 0 0 0 0 0
18 20 97 124 1352 70 0 1 0 0 0 0 0
106 98 77 118 1356 70 0 1 0 0 0 0 0
21 27 40 78 1356 70 0 1 0 0 0 0 0
58 50 97 134 1358 70 0 1 0 0 0 0 0
23 17 87 111 1356 70 0 1 0 0 0 0 0
15 10 113 135 1358 70 0 1 0 0 0 0 0
15 20 97 124 1356 70 0 1 0 0 0 0 0
93 120 51 93 1358 70 0 1 0 0 0 0 0
197 207 22 86 1358 70 0 1 0 0 0 0 0
106 103 29 84 1356 70 0 1 0 0 0 0 0
61 67 43 78 1358 70 0 1 0 0 0 0 0
117 94 102 133 1356 70 0 1 0 0 0 0 0
470 380 82 148 1354 70 0 1 0 0 0 0 0
70 90 95 133 1354 70 0 1 0 0 0 0 0
101 56 96 125 1352 70 0 1 0 0 0 0 0
466 536 43 108 1352 70 0 1 0 0 0 0 0
96 102 40 79 1356 70 0 1 0 0 0 0 0
90 99 95 135 1354 70 0 1 0 0 0 0 0
67 62 90 126 1354 70 0 1 0 0 0 0 0
202 161 82 133 1352 70 0 1 0 0 0 0 0
107 129 44 101 1354 70 0 1 0 0 0 0 0
84 55 105 132 1352 70 0 1 0 0 0 0 0
85 94 89 132 1354 70 0 1 0 0 0 0 0
235 230 78 124 1358 70 0 1 0 0 0 0 0
95 77 90 117 1356 70 0 1 0 0 0 0 0
69 70 110 135 1354 70 0 1 0 0 0 0 0
60 53 94 127 1354 70 0 1 0 0 0 0 0
15 13 113 140 1352 70 0 1 0 0 0 0 0
98 100 81 118 1356 70 0 1 0 0 0 0 0
47 40 86 116 1356 70 0 1 0 0 0 0 0
30 16 114 141 1356 70 0 1 0 0 0 0 0
25 22 102 132 1356 70 0 1 0 0 0 0 0
19 20 98 119 1354 70 0 1 0 0 0 0 0
591 431 95 141 1356 70 0 1 0 0 0 0 0
31 15 96 118 1354 70 0 1 0 0 0 0 0
55 36 52 94 1356 70 0 1 0 0 0 0 0
14 14 98 124 1354 70 0 1 0 0 0 0 0
14 8 102 124 1354 70 0 1 0 0 0 0 0
20 14 109 127 1354 70 0 1 0 0 0 0 0
45 35 42 85 1356 70 0 1 0 0 0 0 0
18 7 102 124 1354 70 0 1 0 0 0 0 0
22 30 111 140 1356 70 0 1 0 0 0 0 0
17 14 51 117 1358 70 0 1 0 0 0 0 0
12 14 81 109 1354 70 0 1 0 0 0 0 0
106 83 96 126 1356 70 0 1 0 0 0 0 0
56 38 105 141 1354 70 0 1 0 0 0 0 0
10 12 95 115 1358 70 0 1 0 0 0 0 0
28 21 93 118 1358 70 0 1 0 0 0 0 0
23 16 93 111 1358 70 0 1 0 0 0 0 0
15 16 41 71 1356 70 0 1 0 0 0 0 0
25 29 104 125 1358 70 0 1 0 0 0 0 0
20 11 103 126 1356 70 0 1 0 0 0 0 0
54 33 95 125 1356 70 0 1 0 0 0 0 0
30 36 80 118 1358 70 0 1 0 0 0 0 0
17 13 95 111 1358 70 0 1 0 0 0 0 0
23 14 89 113 1360 70 0 1 0 0 0 0 0
12 11 102 124 1358 70 0 1 0 0 0 0 0
19 16 89 109 1358 70 0 1 0 0 0 0 0
76 76 73 117 1358 70 0 1 0 0 0 0 0
52 35 104 127 1360 70 0 1 0 0 0 0 0
16 13 102 124 1356 70 0 1 0 0 0 0 0
26 25 90 117 1358 70 0 1 0 0 0 0 0
36 22 103 125 1356 70 0 1 0 0 0 0 0
25 28 92 116 1356 70 0 1 0 0 0 0 0
24 27 96 120 1356 70 0 1 0 0 0 0 0
72 92 49 84 1354 70 0 1 0 0 0 0 0
27 22 99 125 1356 70 0 1 0 0 0 0 0
84 82 70 118 1356 70 0 1 0 0 0 0 0
20 19 100 119 1356 70 0 1 0 0 0 0 0
31 23 117 143 1356 70 0 1 0 0 0 0 0
33 28 105 127 1356 70 0 1 0 0 0 0 0
72 55 91 118 1354 70 0 1 0 0 0 0 0
37 33 100 124 1354 70 0 1 0 0 0 0 0
16 13 111 132 1358 70 0 1 0 0 0 0 0
19 17 104 125 1358 70 0 1 0 0 0 0 0
174 100 106 133 1358 70 0 1 0 0 0 0 0
16 13 102 126 1356 70 0 1 0 0 0 0 0
20 11 96 117 1360 70 0 1 0 0 0 0 0
31 18 90 125 1356 70 0 1 0 0 0 0 0
84 50 110 140 1356 70 0 1 0 0 0 0 0
17 11 112 132 1356 70 0 1 0 0 0 0 0
50 26 86 135 1356 70 0 1 0 0 0 0 0
73 60 80 116 1358 70 0 1 0 0 0 0 0
25 21 84 116 1356 70 0 1 0 0 0 0 0
22 10 95 117 1356 70 0 1 0 0 0 0 0
17 13 76 109 1356 70 0 1 0 0 0 0 0
18 12 116 140 1356 70 0 1 0 0 0 0 0
12 10 96 118 1356 70 0 1 0 0 0 0 0
23 17 41 84 1356 70 0 1 0 0 0 0 0
15 10 99 124 1356 70 0 1 0 0 0 0 0
22 7 111 135 1356 70 0 1 0 0 0 0 0
13 11 112 133 1356 70 0 1 0 0 0 0 0
38 25 115 140 1356 70 0 1 0 0 0 0 0
22 14 89 110 1356 70 0 1 0 0 0 0 0
38 44 86 118 1354 70 0 1 0 0 0 0 0
36 33 85 124 1354 70 0 1 0 0 0 0 0
29 24 88 119 1354 70 0 1 0 0 0 0 0
13 11 89 111 1354 70 0 1 0 0 0 0 0
20 18 84 117 1352 70 0 1 0 0 0 0 0
10 11 75 101 1356 70 0 1 0 0 0 0 0
28 25 84 118 1356 70 0 1 0 0 0 0 0
29 17 109 134 1354 70 0 1 0 0 0 0 0
38 29 86 109 1354 70 0 1 0 0 0 0 0
12 14 79 101 1358 70 0 1 0 0 0 0 0
30 29 72 109 1354 70 0 1 0 0 0 0 0
13 11 91 117 1356 70 0 1 0 0 0 0 0
15 13 81 103 1354 70 0 1 0 0 0 0 0
27 17 93 111 1354 70 0 1 0 0 0 0 0
19 13 112 132 1356 70 0 1 0 0 0 0 0
19 17 90 108 1356 70 0 1 0 0 0 0 0
22 17 87 124 1356 70 0 1 0 0 0 0 0
68 89 48 101 1354 70 0 1 0 0 0 0 0
22 20 90 116 1356 70 0 1 0 0 0 0 0
114 144 85 132 1356 70 0 1 0 0 0 0 0
13 15 81 110 1354 70 0 1 0 0 0 0 0
64 70 89 132 1356 70 0 1 0 0 0 0 0
19 17 47 77 1358 70 0 1 0 0 0 0 0
19 26 91 117 1356 70 0 1 0 0 0 0 0
24 21 108 148 1354 70 0 1 0 0 0 0 0
12 10 48 77 1358 70 0 1 0 0 0 0 0
22 23 85 111 1356 70 0 1 0 0 0 0 0
19 12 84 111 1356 70 0 1 0 0 0 0 0
73 68 76 109 1356 70 0 1 0 0 0 0 0
13 9 90 109 1354 70 0 1 0 0 0 0 0
25 21 90 125 1352 70 0 1 0 0 0 0 0
28 17 105 132 1352 70 0 1 0 0 0 0 0
24 16 104 126 1354 70 0 1 0 0 0 0 0
40 43 81 119 1352 70 0 1 0 0 0 0 0
20 21 41 70 1356 70 0 1 0 0 0 0 0
150 151 81 126 1352 70 0 1 0 0 0 0 0
35 36 80 118 1354 70 0 1 0 0 0 0 0
15 12 43 86 1354 70 0 1 0 0 0 0 0
20 23 80 110 1352 70 0 1 0 0 0 0 0
11 13 81 108 1350 70 0 1 0 0 0 0 0
14 18 92 118 1348 70 0 1 0 0 0 0 0
11 13 105 125 1358 100 0 1 0 0 0 0 0
70 35 119 135 1360 40 0 1 0 0 0 0 0
37 23 120 134 1362 40 0 1 0 0 0 0 0
109 59 119 135 1362 40 0 1 0 0 0 0 0
25 15 119 133 1362 40 0 1 0 0 0 0 0
112 59 120 142 1362 40 0 1 0 0 0 0 0
45 30 122 140 1362 40 0 1 0 0 0 0 0
49 17 122 140 1360 40 0 1 0 0 0 0 0
73 48 122 141 1360 40 0 1 0 0 0 0 0
24 27 87 111 1362 175 0 1 0 0 0 0 0
28 31 105 133 1362 175 0 1 0 0 0 0 0
206 294 93 133 1362 175 0 1 0 0 0 0 0
35 39 118 135 1362 175 0 1 0 0 0 0 0
175 211 101 135 1360 175 0 1 0 0 0 0 0
26 21 107 126 1364 175 0 1 0 0 0 0 0
24 20 106 127 1364 175 0 1 0 0 0 0 0
21 26 109 126 1360 175 0 1 0 0 0 0 0
229 289 78 127 1362 175 0 1 0 0 0 0 0
42 56 96 126 1364 175 0 1 0 0 0 0 0
13 12 168 198 1387 40 0 0 1 0 0 0 0
9 11 178 207 1387 40 0 0 1 0 0 0 0
10 12 168 189 1387 40 0 0 1 0 0 0 0
8 11 157 206 1387 40 0 0 1 0 0 0 0
56 60 77 221 1387 40 0 0 1 0 0 0 0
10 9 195 213 1387 40 0 0 1 0 0 0 0
13 15 172 212 1387 40 0 0 1 0 0 0 0
59 104 68 236 1387 40 0 0 1 0 0 0 0
16 11 196 210 1387 40 0 0 1 0 0 0 0
18 11 192 207 1387 40 0 0 1 0 0 0 0
16 17 195 212 1387 40 0 0 1 0 0 0 0
12 12 163 188 1387 40 0 0 1 0 0 0 0
8 10 178 207 1387 40 0 0 1 0 0 0 0
8 11 164 205 1387 40 0 0 1 0 0 0 0
8 14 178 198 1387 40 0 0 1 0 0 0 0
8 11 177 191 1387 40 0 0 1 0 0 0 0
8 9 143 174 1387 40 0 0 1 0 0 0 0
24 27 48 189 1387 40 0 0 1 0 0 0 0
12 15 118 174 1387 40 0 0 1 0 0 0 0
11 13 123 181 1387 40 0 0 1 0 0 0 0
9 13 128 164 1387 40 0 0 1 0 0 0 0
11 10 141 182 1387 40 0 0 1 0 0 0 0
12 10 139 181 1387 40 0 0 1 0 0 0 0
10 11 161 183 1387 40 0 0 1 0 0 0 0
9 11 150 180 1387 40 0 0 1 0 0 0 0
11 10 134 183 1387 40 0 0 1 0 0 0 0
10 13 148 182 1387 40 0 0 1 0 0 0 0
9 10 161 182 1387 40 0 0 1 0 0 0 0
9 11 159 181 1387 40 0 0 1 0 0 0 0
9 9 161 182 1387 40 0 0 1 0 0 0 0
9 11 156 180 1387 40 0 0 1 0 0 0 0
11 11 148 182 1387 40 0 0 1 0 0 0 0
12 12 128 175 1387 40 0 0 1 0 0 0 0
9 8 158 181 1387 40 0 0 1 0 0 0 0
104 101 49 124 1387 40 0 0 1 0 0 0 0
80 61 6 119 1387 40 0 0 1 0 0 0 0
14 18 36 127 1373 40 0 0 1 0 0 0 0
17 17 33 127 1373 40 0 0 1 0 0 0 0
16 17 68 124 1373 40 0 0 1 0 0 0 0
17 21 43 129 1373 40 0 0 1 0 0 0 0
13 19 61 126 1373 40 0 0 1 0 0 0 0
28 49 70 103 1387 40 0 0 1 0 0 0 0
33 35 54 93 1687 80 0 0 1 0 0 0 0
10449 18152 0 156 1336 40 0 0 1 0 0 0 0
1022 593 24 148 1400 40 0 0 1 0 0 0 0
1138 597 21 148 1402 40 0 0 1 0 0 0 0
992 578 23 148 1400 40 0 0 1 0 0 0 0
1084 680 22 143 1404 40 0 0 1 0 0 0 0
1169 712 18 143 1398 40 0 0 1 0 0 0 0
1193 709 25 143 1402 40 0 0 1 0 0 0 0
999 605 27 150 1400 40 0 0 1 0 0 0 0
1050 684 21 143 1398 40 0 0 1 0 0 0 0
1015 586 24 143 1402 40 0 0 1 0 0 0 0
729 433 24 143 1402 40 0 0 1 0 0 0 0
796 513 24 143 1402 40 0 0 1 0 0 0 0
788 534 22 143 1400 40 0 0 1 0 0 0 0
713 448 21 143 1400 40 0 0 1 0 0 0 0
1021 696 25 150 1398 40 0 0 1 0 0 0 0
790 539 24 143 1400 40 0 0 1 0 0 0 0
842 562 19 150 1402 40 0 0 1 0 0 0 0
926 591 21 149 1400 40 0 0 1 0 0 0 0
802 537 24 148 1404 40 0 0 1 0 0 0 0
814 534 27 148 1400 40 0 0 1 0 0 0 0
853 535 24 143 1402 40 0 0 1 0 0 0 0
768 507 22 142 1404 40 0 0 1 0 0 0 0
755 497 23 141 1400 40 0 0 1 0 0 0 0
696 480 25 143 1398 40 0 0 1 0 0 0 0
794 495 27 142 1400 40 0 0 1 0 0 0 0
749 482 25 143 1400 40 0 0 1 0 0 0 0
720 469 27 142 1400 40 0 0 1 0 0 0 0
929 568 27 143 1398 40 0 0 1 0 0 0 0
763 456 25 142 1398 40 0 0 1 0 0 0 0
30 16 123 140 1398 40 0 0 1 0 0 0 0
67 47 120 134 1400 40 0 0 1 0 0 0 0
670 425 29 141 1398 40 0 0 1 0 0 0 0
745 463 31 141 1398 40 0 0 1 0 0 0 0
756 469 22 143 1400 40 0 0 1 0 0 0 0
38 27 120 134 1400 40 0 0 1 0 0 0 0
780 453 19 141 1400 40 0 0 1 0 0 0 0
779 468 22 141 1398 40 0 0 1 0 0 0 0
867 541 21 141 1400 40 0 0 1 0 0 0 0
731 420 29 141 1398 40 0 0 1 0 0 0 0
670 399 26 143 1400 40 0 0 1 0 0 0 0
821 498 25 143 1398 40 0 0 1 0 0 0 0
805 503 27 142 1400 40 0 0 1 0 0 0 0
805 503 25 141 1400 40 0 0 1 0 0 0 0
763 425 29 141 1398 40 0 0 1 0 0 0 0
861 522 23 141 1400 40 0 0 1 0 0 0 0
143 98 119 135 1398 40 0 0 1 0 0 0 0
865 517 23 143 1400 40 0 0 1 0 0 0 0
595 357 27 143 1400 40 0 0 1 0 0 0 0
796 478 24 142 1400 40 0 0 1 0 0 0 0
795 441 29 140 1400 40 0 0 1 0 0 0 0
735 415 29 141 1398 40 0 0 1 0 0 0 0
708 424 30 141 1400 40 0 0 1 0 0 0 0
976 557 25 142 1396 40 0 0 1 0 0 0 0
607 362 30 141 1398 40 0 0 1 0 0 0 0
657 387 32 143 1398 40 0 0 1 0 0 0 0
664 396 27 141 1402 40 0 0 1 0 0 0 0
617 372 27 141 1402 40 0 0 1 0 0 0 0
94 63 119 135 1402 40 0 0 1 0 0 0 0
114 79 120 140 1400 40 0 0 1 0 0 0 0
552 319 25 141 1400 40 0 0 1 0 0 0 0
758 419 23 141 1400 40 0 0 1 0 0 0 0
131 91 119 140 1402 40 0 0 1 0 0 0 0
650 443 26 143 1402 40 0 0 1 0 0 0 0
617 334 28 141 1402 40 0 0 1 0 0 0 0
675 452 26 141 1400 40 0 0 1 0 0 0 0
631 374 29 143 1400 40 0 0 1 0 0 0 0
614 359 34 141 1402 40 0 0 1 0 0 0 0
589 406 33 142 1402 40 0 0 1 0 0 0 0
500 310 31 143 1402 40 0 0 1 0 0 0 0
634 404 29 143 1400 40 0 0 1 0 0 0 0
793 469 31 141 1402 40 0 0 1 0 0 0 0
694 424 29 143 1400 40 0 0 1 0 0 0 0
660 378 33 141 1402 40 0 0 1 0 0 0 0
572 370 30 141 1400 40 0 0 1 0 0 0 0
618 381 33 141 1400 40 0 0 1 0 0 0 0
572 363 38 141 1402 40 0 0 1 0 0 0 0
577 349 27 142 1402 40 0 0 1 0 0 0 0
579 357 30 141 1400 40 0 0 1 0 0 0 0
560 331 36 141 1400 40 0 0 1 0 0 0 0
596 348 31 140 1402 40 0 0 1 0 0 0 0
562 361 32 140 1404 40 0 0 1 0 0 0 0
587 352 37 141 1402 40 0 0 1 0 0 0 0
622 374 27 141 1400 40 0 0 1 0 0 0 0
593 354 31 143 1402 40 0 0 1 0 0 0 0
538 348 30 135 1402 40 0 0 1 0 0 0 0
616 365 37 141 1400 40 0 0 1 0 0 0 0
634 359 25 141 1402 40 0 0 1 0 0 0 0
631 390 33 140 1402 40 0 0 1 0 0 0 0
639 388 31 141 1402 40 0 0 1 0 0 0 0
705 420 36 140 1402 40 0 0 1 0 0 0 0
591 367 27 141 1400 40 0 0 1 0 0 0 0
608 375 35 141 1402 40 0 0 1 0 0 0 0
621 400 36 141 1400 40 0 0 1 0 0 0 0
639 387 35 141 1402 40 0 0 1 0 0 0 0
649 409 33 141 1400 40 0 0 1 0 0 0 0
623 387 35 143 1402 40 0 0 1 0 0 0 0
700 462 31 141 1402 40 0 0 1 0 0 0 0
626 397 37 141 1400 40 0 0 1 0 0 0 0
699 429 40 141 1402 40 0 0 1 0 0 0 0
570 356 37 141 1400 40 0 0 1 0 0 0 0
578 382 33 141 1402 40 0 0 1 0 0 0 0
564 343 37 141 1402 40 0 0 1 0 0 0 0
652 418 38 142 1402 40 0 0 1 0 0 0 0
801 433 40 141 1400 40 0 0 1 0 0 0 0
685 407 40 140 1402 40 0 0 1 0 0 0 0
754 454 36 140 1400 40 0 0 1 0 0 0 0
659 387 38 140 1402 40 0 0 1 0 0 0 0
757 441 42 140 1402 40 0 0 1 0 0 0 0
625 418 39 140 1402 40 0 0 1 0 0 0 0
319 173 34 135 1402 40 0 0 1 0 0 0 0
239 110 40 127 1404 40 0 0 1 0 0 0 0
655 382 41 141 1400 40 0 0 1 0 0 0 0
755 444 44 142 1404 40 0 0 1 0 0 0 0
232 124 39 127 1402 40 0 0 1 0 0 0 0
214 118 47 127 1402 40 0 0 1 0 0 0 0
743 453 41 141 1402 40 0 0 1 0 0 0 0
289 166 48 135 1404 40 0 0 1 0 0 0 0
268 152 42 135 1404 40 0 0 1 0 0 0 0
611 384 39 140 1404 40 0 0 1 0 0 0 0
602 355 40 141 1404 40 0 0 1 0 0 0 0
653 398 41 141 1402 40 0 0 1 0 0 0 0
682 424 42 140 1402 40 0 0 1 0 0 0 0
636 383 38 141 1400 40 0 0 1 0 0 0 0
255 129 118 141 1402 40 0 0 1 0 0 0 0
239 133 42 127 1402 40 0 0 1 0 0 0 0
578 322 47 141 1402 40 0 0 1 0 0 0 0
235 133 43 135 1400 40 0 0 1 0 0 0 0
181 90 123 134 1402 40 0 0 1 0 0 0 0
226 128 38 127 1400 40 0 0 1 0 0 0 0
588 360 35 141 1400 40 0 0 1 0 0 0 0
190 107 46 127 1400 40 0 0 1 0 0 0 0
325 186 41 135 1400 40 0 0 1 0 0 0 0
175 125 120 140 1400 40 0 0 1 0 0 0 0
332 207 114 140 1400 40 0 0 1 0 0 0 0
280 166 41 135 1400 40 0 0 1 0 0 0 0
558 338 52 141 1400 40 0 0 1 0 0 0 0
558 343 49 140 1400 40 0 0 1 0 0 0 0
230 119 53 135 1400 40 0 0 1 0 0 0 0
381 216 55 141 1400 40 0 0 1 0 0 0 0
248 153 33 124 1358 40 0 0 1 0 0 0 0
240 136 38 133 1358 40 0 0 1 0 0 0 0
248 116 39 135 1360 40 0 0 1 0 0 0 0
70 42 115 135 1358 40 0 0 1 0 0 0 0
39 26 115 135 1362 40 0 0 1 0 0 0 0
179 108 48 127 1360 40 0 0 1 0 0 0 0
172 88 39 127 1362 40 0 0 1 0 0 0 0
198 83 38 127 1360 40 0 0 1 0 0 0 0
215 115 38 126 1360 40 0 0 1 0 0 0 0
262 168 116 140 1360 40 0 0 1 0 0 0 0
226 105 29 135 1362 40 0 0 1 0 0 0 0
31 21 118 135 1362 40 0 0 1 0 0 0 0
197 98 37 132 1360 40 0 0 1 0 0 0 0
210 116 42 126 1360 40 0 0 1 0 0 0 0
219 106 40 127 1360 40 0 0 1 0 0 0 0
157 85 42 125 1360 40 0 0 1 0 0 0 0
179 96 45 125 1362 40 0 0 1 0 0 0 0
184 87 43 127 1358 40 0 0 1 0 0 0 0
196 102 40 126 1362 40 0 0 1 0 0 0 0
187 94 37 126 1362 40 0 0 1 0 0 0 0
182 93 38 124 1362 40 0 0 1 0 0 0 0
163 87 50 125 1362 40 0 0 1 0 0 0 0
175 89 46 124 1360 40 0 0 1 0 0 0 0
163 82 45 126 1360 40 0 0 1 0 0 0 0
177 90 40 126 1360 40 0 0 1 0 0 0 0
161 78 43 125 1360 40 0 0 1 0 0 0 0
178 108 45 126 1360 40 0 0 1 0 0 0 0
178 96 50 126 1360 40 0 0 1 0 0 0 0
166 99 41 126 1362 40 0 0 1 0 0 0 0
191 102 41 125 1360 40 0 0 1 0 0 0 0
191 102 47 125 1362 40 0 0 1 0 0 0 0
166 88 45 125 1360 40 0 0 1 0 0 0 0
196 91 49 126 1360 40 0 0 1 0 0 0 0
200 110 54 127 1360 40 0 0 1 0 0 0 0
210 123 55 124 1356 40 0 0 1 0 0 0 0
228 137 51 134 1358 40 0 0 1 0 0 0 0
250 130 48 133 1356 40 0 0 1 0 0 0 0
51 31 116 135 1358 40 0 0 1 0 0 0 0
211 110 47 126 1358 40 0 0 1 0 0 0 0
216 119 45 126 1356 40 0 0 1 0 0 0 0
205 117 42 126 1356 40 0 0 1 0 0 0 0
40 23 115 134 1356 40 0 0 1 0 0 0 0
50 30 114 134 1358 40 0 0 1 0 0 0 0
188 118 43 125 1356 40 0 0 1 0 0 0 0
209 138 39 126 1358 40 0 0 1 0 0 0 0
198 119 45 125 1358 40 0 0 1 0 0 0 0
202 106 41 124 1358 40 0 0 1 0 0 0 0
207 117 45 126 1356 40 0 0 1 0 0 0 0
192 109 43 125 1358 40 0 0 1 0 0 0 0
200 112 45 125 1360 40 0 0 1 0 0 0 0
216 124 47 124 1356 40 0 0 1 0 0 0 0
205 117 38 124 1358 40 0 0 1 0 0 0 0
206 129 45 125 1358 40 0 0 1 0 0 0 0
182 113 49 127 1358 40 0 0 1 0 0 0 0
209 117 44 127 1356 40 0 0 1 0 0 0 0
231 168 116 140 1358 40 0 0 1 0 0 0 0
211 136 40 126 1358 40 0 0 1 0 0 0 0
269 164 113 135 1358 40 0 0 1 0 0 0 0
212 131 49 124 1358 40 0 0 1 0 0 0 0
220 142 115 135 1356 40 0 0 1 0 0 0 0
227 139 116 140 1356 40 0 0 1 0 0 0 0
214 130 132 132 1358 40 0 0 1 0 0 0 0
249 136 40 127 1358 40 0 0 1 0 0 0 0
317 184 115 135 1358 40 0 0 1 0 0 0 0
257 129 41 124 1358 40 0 0 1 0 0 0 0
231 125 38 124 1358 40 0 0 1 0 0 0 0
240 128 37 125 1356 40 0 0 1 0 0 0 0
262 153 45 125 1358 40 0 0 1 0 0 0 0
229 124 39 119 1356 40 0 0 1 0 0 0 0
274 156 36 125 1358 40 0 0 1 0 0 0 0
344 174 41 127 1358 40 0 0 1 0 0 0 0
268 141 40 119 1356 40 0 0 1 0 0 0 0
315 145 38 127 1356 40 0 0 1 0 0 0 0
285 165 43 126 1358 40 0 0 1 0 0 0 0
247 133 41 133 1356 40 0 0 1 0 0 0 0
242 128 114 135 1358 40 0 0 1 0 0 0 0
255 125 36 125 1358 40 0 0 1 0 0 0 0
293 153 38 124 1356 40 0 0 1 0 0 0 0
260 120 37 125 1358 40 0 0 1 0 0 0 0
261 143 38 119 1356 40 0 0 1 0 0 0 0
276 127 46 126 1358 40 0 0 1 0 0 0 0
279 154 43 119 1356 40 0 0 1 0 0 0 0
266 139 43 124 1356 40 0 0 1 0 0 0 0
257 128 39 127 1356 40 0 0 1 0 0 0 0
257 115 43 125 1356 40 0 0 1 0 0 0 0
297 152 42 127 1358 40 0 0 1 0 0 0 0
278 138 43 126 1358 40 0 0 1 0 0 0 0
331 159 41 124 1356 40 0 0 1 0 0 0 0
288 156 36 124 1358 40 0 0 1 0 0 0 0
351 173 42 124 1358 40 0 0 1 0 0 0 0
316 170 44 124 1358 40 0 0 1 0 0 0 0
2 1 126 133 1356 40 0 0 1 0 0 0 0
238 142 38 124 1358 40 0 0 1 0 0 0 0
279 160 39 125 1358 40 0 0 1 0 0 0 0
259 133 37 124 1358 40 0 0 1 0 0 0 0
273 132 36 124 1356 40 0 0 1 0 0 0 0
266 131 41 124 1358 40 0 0 1 0 0 0 0
333 162 36 126 1358 40 0 0 1 0 0 0 0
278 134 38 124 1358 40 0 0 1 0 0 0 0
310 151 38 126 1356 40 0 0 1 0 0 0 0
252 113 40 126 1358 40 0 0 1 0 0 0 0
223 117 40 126 1358 40 0 0 1 0 0 0 0
171 85 115 135 1356 40 0 0 1 0 0 0 0
276 134 39 124 1358 40 0 0 1 0 0 0 0
282 140 36 124 1356 40 0 0 1 0 0 0 0
247 128 38 126 1358 40 0 0 1 0 0 0 0
244 131 36 124 1358 40 0 0 1 0 0 0 0
293 135 41 125 1358 40 0 0 1 0 0 0 0
262 133 42 126 1358 40 0 0 1 0 0 0 0
251 123 43 125 1356 40 0 0 1 0 0 0 0
271 138 38 127 1358 40 0 0 1 0 0 0 0
234 119 35 126 1358 40 0 0 1 0 0 0 0
280 143 43 124 1358 40 0 0 1 0 0 0 0
256 113 41 124 1358 40 0 0 1 0 0 0 0
312 171 115 140 1358 40 0 0 1 0 0 0 0
265 125 44 124 1356 40 0 0 1 0 0 0 0
263 137 43 125 1356 40 0 0 1 0 0 0 0
296 156 43 124 1356 40 0 0 1 0 0 0 0
287 132 41 126 1356 40 0 0 1 0 0 0 0
222 104 39 127 1358 40 0 0 1 0 0 0 0
253 135 39 127 1358 40 0 0 1 0 0 0 0
277 151 42 124 1358 40 0 0 1 0 0 0 0
283 147 39 124 1360 40 0 0 1 0 0 0 0
286 147 40 126 1358 40 0 0 1 0 0 0 0
2 1 120 130 1358 40 0 0 1 0 0 0 0
257 123 39 126 1358 40 0 0 1 0 0 0 0
312 167 38 125 1356 40 0 0 1 0 0 0 0
263 137 39 124 1358 40 0 0 1 0 0 0 0
265 132 42 126 1356 40 0 0 1 0 0 0 0
290 151 41 125 1356 40 0 0 1 0 0 0 0
276 141 40 124 1358 40 0 0 1 0 0 0 0
307 140 36 124 1356 40 0 0 1 0 0 0 0
313 158 41 119 1358 40 0 0 1 0 0 0 0
310 145 40 127 1358 40 0 0 1 0 0 0 0
291 160 40 125 1358 40 0 0 1 0 0 0 0
306 149 36 126 1358 40 0 0 1 0 0 0 0
259 149 116 135 1358 40 0 0 1 0 0 0 0
277 162 37 124 1356 40 0 0 1 0 0 0 0
243 129 44 124 1356 40 0 0 1 0 0 0 0
293 142 46 127 1358 40 0 0 1 0 0 0 0
263 135 46 124 1358 40 0 0 1 0 0 0 0
295 159 43 125 1358 40 0 0 1 0 0 0 0
273 132 51 127 1358 40 0 0 1 0 0 0 0
219 125 43 124 1358 40 0 0 1 0 0 0 0
242 131 47 127 1358 40 0 0 1 0 0 0 0
251 125 41 126 1358 40 0 0 1 0 0 0 0
181 101 115 135 1358 40 0 0 1 0 0 0 0
269 140 45 127 1358 40 0 0 1 0 0 0 0
328 172 33 124 1358 40 0 0 1 0 0 0 0
275 148 40 126 1358 40 0 0 1 0 0 0 0
275 134 42 126 1358 40 0 0 1 0 0 0 0
299 149 40 125 1356 40 0 0 1 0 0 0 0
356 186 43 134 1358 40 0 0 1 0 0 0 0
324 184 40 124 1358 40 0 0 1 0 0 0 0
41 25 115 132 1358 40 0 0 1 0 0 0 0
263 143 39 126 1358 40 0 0 1 0 0 0 0
300 154 42 126 1358 40 0 0 1 0 0 0 0
323 149 44 127 1358 40 0 0 1 0 0 0 0
43 21 109 134 1358 40 0 0 1 0 0 0 0
275 134 37 119 1356 40 0 0 1 0 0 0 0
264 135 40 124 1358 40 0 0 1 0 0 0 0
276 143 43 119 1358 40 0 0 1 0 0 0 0
330 175 41 134 1356 40 0 0 1 0 0 0 0
295 138 42 124 1356 40 0 0 1 0 0 0 0
274 139 41 126 1358 40 0 0 1 0 0 0 0
274 131 48 124 1358 40 0 0 1 0 0 0 0
302 155 42 124 1358 40 0 0 1 0 0 0 0
28 14 114 132 1356 40 0 0 1 0 0 0 0
252 138 40 127 1356 40 0 0 1 0 0 0 0
274 141 40 119 1356 40 0 0 1 0 0 0 0
284 145 48 125 1356 40 0 0 1 0 0 0 0
289 160 43 124 1358 40 0 0 1 0 0 0 0
286 159 46 126 1356 40 0 0 1 0 0 0 0
298 138 43 125 1358 40 0 0 1 0 0 0 0
288 155 43 126 1356 40 0 0 1 0 0 0 0
266 144 46 127 1358 40 0 0 1 0 0 0 0
303 154 43 125 1356 40 0 0 1 0 0 0 0
296 169 48 126 1358 40 0 0 1 0 0 0 0
262 137 44 127 1358 40 0 0 1 0 0 0 0
289 158 44 125 1356 40 0 0 1 0 0 0 0
188 91 64 127 1358 40 0 0 1 0 0 0 0
150 76 65 127 1358 40 0 0 1 0 0 0 0
257 136 63 127 1360 40 0 0 1 0 0 0 0
176 89 68 127 1358 40 0 0 1 0 0 0 0
177 99 56 127 1360 40 0 0 1 0 0 0 0
163 89 65 127 1360 40 0 0 1 0 0 0 0
175 99 66 127 1360 40 0 0 1 0 0 0 0
157 86 67 127 1360 40 0 0 1 0 0 0 0
179 100 68 127 1358 40 0 0 1 0 0 0 0
185 108 74 132 1360 40 0 0 1 0 0 0 0
157 95 73 127 1362 40 0 0 1 0 0 0 0
203 90 71 127 1360 40 0 0 1 0 0 0 0
185 102 70 127 1358 40 0 0 1 0 0 0 0
851 424 27 124 1358 50 0 0 1 0 0 0 0
805 400 26 126 1358 50 0 0 1 0 0 0 0
740 356 29 124 1358 50 0 0 1 0 0 0 0
943 539 23 140 1378 40 0 0 1 0 0 0 0
861 501 22 143 1378 40 0 0 1 0 0 0 0
173 87 35 95 1666 40 0 0 1 0 0 0 0
191 114 36 103 1664 40 0 0 1 0 0 0 0
169 93 35 103 1670 40 0 0 1 0 0 0 0
173 100 35 108 1666 40 0 0 1 0 0 0 0
405 216 36 118 1666 40 0 0 1 0 0 0 0
166 89 38 103 1670 40 0 0 1 0 0 0 0
320 197 40 134 1666 40 0 0 1 0 0 0 0
462 260 40 135 1666 40 0 0 1 0 0 0 0
492 293 43 140 1666 40 0 0 1 0 0 0 0
297 258 9 143 1362 40 0 0 1 0 0 0 0
29 17 87 134 1358 40 0 0 1 0 0 0 0
31 9 114 132 1360 100 0 0 0 1 0 0 0
7 4 116 148 1358 50 0 0 0 1 0 0 0
17 13 100 125 1358 50 0 0 0 1 0 0 0
14 7 127 140 1360 50 0 0 0 1 0 0 0
6 4 120 149 1360 50 0 0 0 1 0 0 0
9 5 110 141 1362 50 0 0 0 1 0 0 0
4 4 112 149 1360 50 0 0 0 1 0 0 0
5 6 125 143 1358 50 0 0 0 1 0 0 0
4 4 110 140 1358 50 0 0 0 1 0 0 0
5 5 115 141 1358 50 0 0 0 1 0 0 0
5 4 111 140 1360 50 0 0 0 1 0 0 0
10 4 122 136 1356 50 0 0 0 1 0 0 0
6 3 111 142 1358 50 0 0 0 1 0 0 0
7 3 123 141 1360 50 0 0 0 1 0 0 0
6 3 113 141 1358 50 0 0 0 1 0 0 0
12 10 89 126 1358 50 0 0 0 1 0 0 0
9 4 112 143 1358 50 0 0 0 1 0 0 0
6 4 128 141 1358 50 0 0 0 1 0 0 0
5 3 111 135 1358 50 0 0 0 1 0 0 0
6 5 122 132 1358 50 0 0 0 1 0 0 0
6 4 90 118 1358 50 0 0 0 1 0 0 0
6 4 99 127 1358 50 0 0 0 1 0 0 0
5 4 107 126 1358 50 0 0 0 1 0 0 0
3 4 108 135 1362 50 0 0 0 1 0 0 0
4 3 105 127 1360 50 0 0 0 1 0 0 0
4 4 107 132 1360 50 0 0 0 1 0 0 0
3 3 107 140 1358 50 0 0 0 1 0 0 0
6 2 118 136 1358 50 0 0 0 1 0 0 0
4 5 119 132 1358 50 0 0 0 1 0 0 0
8 4 114 148 1358 50 0 0 0 1 0 0 0
7 4 121 135 1358 50 0 0 0 1 0 0 0
11 7 120 135 1358 50 0 0 0 1 0 0 0
7 4 114 140 1358 50 0 0 0 1 0 0 0
23 13 92 132 1360 50 0 0 0 1 0 0 0
6 4 110 140 1360 50 0 0 0 1 0 0 0
7 4 112 140 1360 50 0 0 0 1 0 0 0
12 5 121 140 1358 50 0 0 0 1 0 0 0
13 7 120 140 1358 50 0 0 0 1 0 0 0
7 5 122 141 1356 50 0 0 0 1 0 0 0
7 6 129 142 1358 50 0 0 0 1 0 0 0
6 4 106 141 1358 50 0 0 0 1 0 0 0
7 4 114 142 1356 50 0 0 0 1 0 0 0
9 8 123 140 1358 50 0 0 0 1 0 0 0
6 4 113 141 1356 50 0 0 0 1 0 0 0
8 6 127 141 1358 50 0 0 0 1 0 0 0
6 5 113 140 1358 50 0 0 0 1 0 0 0
6 4 117 148 1358 50 0 0 0 1 0 0 0
9 7 122 142 1354 50 0 0 0 1 0 0 0
9 5 115 133 1356 50 0 0 0 1 0 0 0
5 6 120 132 1356 50 0 0 0 1 0 0 0
16 8 120 143 1356 50 0 0 0 1 0 0 0
5 4 109 141 1356 50 0 0 0 1 0 0 0
7 5 119 134 1356 50 0 0 0 1 0 0 0
6 5 111 142 1358 50 0 0 0 1 0 0 0
8 5 120 134 1358 50 0 0 0 1 0 0 0
8 5 105 143 1358 50 0 0 0 1 0 0 0
10 4 127 140 1358 50 0 0 0 1 0 0 0
19 12 118 135 1358 50 0 0 0 1 0 0 0
7 4 102 141 1360 50 0 0 0 1 0 0 0
7 7 129 149 1360 50 0 0 0 1 0 0 0
9 8 117 135 1360 50 0 0 0 1 0 0 0
8 4 109 140 1358 50 0 0 0 1 0 0 0
5 4 109 149 1360 50 0 0 0 1 0 0 0
6 4 109 144 1360 50 0 0 0 1 0 0 0
7 6 120 140 1358 50 0 0 0 1 0 0 0
15 7 120 141 1360 50 0 0 0 1 0 0 0
9 8 120 141 1358 50 0 0 0 1 0 0 0
13 7 123 143 1360 50 0 0 0 1 0 0 0
10 7 116 134 1360 50 0 0 0 1 0 0 0
9 6 115 150 1360 50 0 0 0 1 0 0 0
5 4 111 143 1360 50 0 0 0 1 0 0 0
9 6 123 141 1358 50 0 0 0 1 0 0 0
29 31 79 124 1353 120 0 0 0 0 1 0 0
48 62 27 119 1353 120 0 0 0 0 1 0 0
48 61 90 119 1353 120 0 0 0 0 1 0 0
25 39 93 124 1353 120 0 0 0 0 1 0 0
55 81 93 125 1353 120 0 0 0 0 1 0 0
73 90 100 132 1353 120 0 0 0 0 1 0 0
78 127 86 125 1687 50 0 0 0 0 1 0 0
23 36 108 127 1352 40 0 0 0 0 1 0 0
19 25 111 133 1354 40 0 0 0 0 1 0 0
27 35 110 132 1354 40 0 0 0 0 1 0 0
30 38 111 133 1354 40 0 0 0 0 1 0 0
20 47 110 132 1354 40 0 0 0 0 1 0 0
15 30 109 127 1358 40 0 0 0 0 1 0 0
16 28 110 134 1356 40 0 0 0 0 1 0 0
15 18 111 132 1358 40 0 0 0 0 1 0 0
14 19 111 126 1358 40 0 0 0 0 1 0 0
18 29 115 135 1352 40 0 0 0 0 1 0 0
15 20 116 141 1352 40 0 0 0 0 1 0 0
16 19 110 127 1352 40 0 0 0 0 1 0 0
47 13 114 143 1650 69 0 0 0 0 1 0 0
20 8 116 143 1652 69 0 0 0 0 1 0 0
29 13 117 141 1652 69 0 0 0 0 1 0 0
28 9 113 141 1650 69 0 0 0 0 1 0 0
26 6 116 140 1652 69 0 0 0 0 1 0 0
24 9 115 143 1650 69 0 0 0 0 1 0 0
19 11 116 140 1648 69 0 0 0 0 1 0 0
129 157 28 140 1696 69 0 0 0 0 1 0 0
15 17 129 157 1658 143 0 0 0 0 1 0 0
19 31 99 125 1364 100 0 0 0 0 1 0 0
57 88 95 127 1364 100 0 0 0 0 1 0 0
74 103 97 134 1364 100 0 0 0 0 1 0 0
68 95 98 135 1364 100 0 0 0 0 1 0 0
102 150 94 132 1366 100 0 0 0 0 1 0 0
99 134 109 143 1362 100 0 0 0 0 1 0 0
82 107 96 132 1364 100 0 0 0 0 1 0 0
99 117 111 141 1364 100 0 0 0 0 1 0 0
31 50 101 133 1364 100 0 0 0 0 1 0 0
91 105 99 133 1364 100 0 0 0 0 1 0 0
67 90 99 143 1364 100 0 0 0 0 1 0 0
59 83 101 133 1364 100 0 0 0 0 1 0 0
124 163 92 141 1364 100 0 0 0 0 1 0 0
75 112 98 127 1364 100 0 0 0 0 1 0 0
107 141 108 140 1364 100 0 0 0 0 1 0 0
56 93 96 127 1364 100 0 0 0 0 1 0 0
113 146 92 126 1364 100 0 0 0 0 1 0 0
90 110 95 134 1366 100 0 0 0 0 1 0 0
25 26 106 127 1364 100 0 0 0 0 1 0 0
16 23 106 125 1366 100 0 0 0 0 1 0 0
14 21 109 126 1366 100 0 0 0 0 1 0 0
13 15 107 127 1366 100 0 0 0 0 1 0 0
21 24 106 127 1366 100 0 0 0 0 1 0 0
18 28 108 134 1364 100 0 0 0 0 1 0 0
13 14 109 133 1364 100 0 0 0 0 1 0 0
15 20 109 127 1364 100 0 0 0 0 1 0 0
15 15 106 127 1364 100 0 0 0 0 1 0 0
11 12 93 130 1707 100 0 0 0 0 0 1 0
119 135 82 132 1687 80 0 0 0 0 0 1 0
8 11 100 123 1467 120 0 0 0 0 0 1 0
18 51 73 135 1353 290 0 0 0 0 0 1 0
11 12 100 134 1353 185 0 0 0 0 0 1 0
46 52 103 127 1687 200 0 0 0 0 0 1 0
13 14 55 134 1687 200 0 0 0 0 0 1 0
14 29 88 126 1387 50 0 0 0 0 0 1 0
12 21 89 109 1387 50 0 0 0 0 0 1 0
13 47 91 117 1387 50 0 0 0 0 0 1 0
15 29 85 122 1353 70 0 0 0 0 0 1 0
32 20 104 119 1227 40 0 0 0 0 0 1 0
10 37 101 127 1227 40 0 0 0 0 0 1 0
12 16 88 126 1687 50 0 0 0 0 0 1 0
15 16 76 125 1353 70 0 0 0 0 0 1 0
19 22 97 124 1687 70 0 0 0 0 0 1 0
15 14 80 125 1687 70 0 0 0 0 0 1 0
44 15 90 119 1353 50 0 0 0 0 0 1 0
21 19 86 135 1353 50 0 0 0 0 0 1 0
42 29 105 139 1353 50 0 0 0 0 0 1 0
27 12 96 129 1353 50 0 0 0 0 0 1 0
16 20 78 130 1353 50 0 0 0 0 0 1 0
21 25 61 135 1366 80 0 0 0 0 0 1 0
25 16 108 134 1362 80 0 0 0 0 0 1 0
19 15 90 135 1688 60 0 0 0 0 0 1 0
10 10 93 127 1692 60 0 0 0 0 0 1 0
14 19 95 125 1692 60 0 0 0 0 0 1 0
10 6 91 119 1692 60 0 0 0 0 0 1 0
8 8 97 133 1690 60 0 0 0 0 0 1 0
12 10 104 132 1690 60 0 0 0 0 0 1 0
9 9 102 132 1692 60 0 0 0 0 0 1 0
14 9 84 127 1690 60 0 0 0 0 0 1 0
9 7 101 134 1690 60 0 0 0 0 0 1 0
11 8 96 125 1690 60 0 0 0 0 0 1 0
9 8 85 110 1688 60 0 0 0 0 0 1 0
12 10 87 134 1690 60 0 0 0 0 0 1 0
11 10 103 145 1690 60 0 0 0 0 0 1 0
19 14 71 118 1694 60 0 0 0 0 0 1 0
20 13 67 127 1692 60 0 0 0 0 0 1 0
12 11 77 109 1692 60 0 0 0 0 0 1 0
12 14 95 135 1692 60 0 0 0 0 0 1 0
53 43 70 135 1688 60 0 0 0 0 0 1 0
14 11 75 119 1690 60 0 0 0 0 0 1 0
10 10 83 109 1690 60 0 0 0 0 0 1 0
13 10 84 119 1690 60 0 0 0 0 0 1 0
23 31 91 132 1692 60 0 0 0 0 0 1 0
13 10 93 135 1692 60 0 0 0 0 0 1 0
14 11 93 127 1694 60 0 0 0 0 0 1 0
15 10 91 133 1692 60 0 0 0 0 0 1 0
11 8 97 133 1692 60 0 0 0 0 0 1 0
23 21 61 109 1686 60 0 0 0 0 0 1 0
25 23 91 127 1686 60 0 0 0 0 0 1 0
15 18 84 124 1688 60 0 0 0 0 0 1 0
21 23 85 124 1690 60 0 0 0 0 0 1 0
15 12 85 132 1692 60 0 0 0 0 0 1 0
26 23 58 127 1690 60 0 0 0 0 0 1 0
11 12 86 118 1692 60 0 0 0 0 0 1 0
17 16 91 135 1690 60 0 0 0 0 0 1 0
15 12 82 109 1692 60 0 0 0 0 0 1 0
16 11 84 132 1692 60 0 0 0 0 0 1 0
10 12 104 132 1690 60 0 0 0 0 0 1 0
50 34 49 132 1688 60 0 0 0 0 0 1 0
14 10 101 131 1684 60 0 0 0 0 0 1 0
20 18 77 133 1688 60 0 0 0 0 0 1 0
55 33 44 126 1690 60 0 0 0 0 0 1 0
23 21 82 127 1690 60 0 0 0 0 0 1 0
9 11 94 133 1688 60 0 0 0 0 0 1 0
15 12 65 119 1690 60 0 0 0 0 0 1 0
17 8 99 133 1690 60 0 0 0 0 0 1 0
22 21 90 119 1690 60 0 0 0 0 0 1 0
12 15 93 135 1692 60 0 0 0 0 0 1 0
16 17 84 134 1694 60 0 0 0 0 0 1 0
13 15 86 111 1688 60 0 0 0 0 0 1 0
13 14 78 109 1690 60 0 0 0 0 0 1 0
18 19 93 133 1688 60 0 0 0 0 0 1 0
30 17 95 124 1690 60 0 0 0 0 0 1 0
10 14 79 110 1692 60 0 0 0 0 0 1 0
11 9 80 118 1688 60 0 0 0 0 0 1 0
15 11 83 133 1690 60 0 0 0 0 0 1 0
14 10 103 127 1690 60 0 0 0 0 0 1 0
11 9 97 124 1692 60 0 0 0 0 0 1 0
11 10 94 132 1688 60 0 0 0 0 0 1 0
88 63 71 101 1692 70 0 0 0 0 0 1 0
10 10 21 82 1692 70 0 0 0 0 0 1 0
14 12 72 93 1692 70 0 0 0 0 0 1 0
11 12 22 86 1690 70 0 0 0 0 0 1 0
102 101 77 103 1692 70 0 0 0 0 0 1 0
83 92 76 111 1692 70 0 0 0 0 0 1 0
16 11 88 109 1692 70 0 0 0 0 0 1 0
12 10 95 132 1682 70 0 0 0 0 0 1 0
25 26 77 109 1684 70 0 0 0 0 0 1 0
13 8 87 132 1688 70 0 0 0 0 0 1 0
10 8 90 127 1690 70 0 0 0 0 0 1 0
11 10 95 134 1688 70 0 0 0 0 0 1 0
20 20 77 124 1692 70 0 0 0 0 0 1 0
10 8 102 125 1694 70 0 0 0 0 0 1 0
11 10 90 117 1688 70 0 0 0 0 0 1 0
10 8 111 142 1690 70 0 0 0 0 0 1 0
13 14 92 132 1686 70 0 0 0 0 0 1 0
32 23 48 132 1364 70 0 0 0 0 0 1 0
11 11 99 125 1364 70 0 0 0 0 0 1 0
15 18 104 133 1354 40 0 0 0 0 0 1 0
13 21 118 135 1358 40 0 0 0 0 0 1 0
109 61 101 134 1358 40 0 0 0 0 0 1 0
9 9 101 126 1358 40 0 0 0 0 0 1 0
21 28 110 132 1356 40 0 0 0 0 0 1 0
11 10 107 134 1356 40 0 0 0 0 0 1 0
14 14 105 132 1356 40 0 0 0 0 0 1 0
11 14 102 124 1354 40 0 0 0 0 0 1 0
14 14 105 127 1354 40 0 0 0 0 0 1 0
12 16 110 132 1352 40 0 0 0 0 0 1 0
16 29 107 127 1352 40 0 0 0 0 0 1 0
13 11 112 134 1350 40 0 0 0 0 0 1 0
14 8 87 124 1380 40 0 0 0 0 0 1 0
15 15 99 125 1376 40 0 0 0 0 0 1 0
12 11 106 132 1376 40 0 0 0 0 0 1 0
15 14 104 119 1350 40 0 0 0 0 0 1 0
14 12 108 127 1352 40 0 0 0 0 0 1 0
20 8 130 141 1352 40 0 0 0 0 0 1 0
37 20 100 148 1368 69 0 0 0 0 0 1 0
12 7 123 159 1652 69 0 0 0 0 0 1 0
25 30 78 111 1654 69 0 0 0 0 0 1 0
24 23 63 124 1652 69 0 0 0 0 0 1 0
16 14 100 133 1652 69 0 0 0 0 0 1 0
20 24 100 127 1650 69 0 0 0 0 0 1 0
16 13 98 127 1646 69 0 0 0 0 0 1 0
18 10 88 134 1650 69 0 0 0 0 0 1 0
34 16 113 140 1650 69 0 0 0 0 0 1 0
32 14 123 150 1650 69 0 0 0 0 0 1 0
14 11 120 141 1650 69 0 0 0 0 0 1 0
24 7 120 151 1650 69 0 0 0 0 0 1 0
10 9 92 134 1690 150 0 0 0 0 0 1 0
20 25 92 135 1652 100 0 0 0 0 0 1 0
24 15 118 149 1650 100 0 0 0 0 0 1 0
126 108 106 141 1660 100 0 0 0 0 0 1 0
10 8 74 103 1662 100 0 0 0 0 0 1 0
28 22 43 124 1710 100 0 0 0 0 0 1 0
10 9 90 124 1710 100 0 0 0 0 0 1 0
19 11 120 143 1658 100 0 0 0 0 0 1 0
23 44 93 126 1358 100 0 0 0 0 0 1 0
32 28 101 126 1358 100 0 0 0 0 0 1 0
23 28 92 124 1360 100 0 0 0 0 0 1 0
37 33 97 125 1360 100 0 0 0 0 0 1 0
17 13 83 132 1360 100 0 0 0 0 0 1 0
28 26 48 124 1356 100 0 0 0 0 0 1 0
14 12 93 124 1352 100 0 0 0 0 0 1 0
21 18 108 134 1362 100 0 0 0 0 0 1 0
14 14 84 126 1358 100 0 0 0 0 0 1 0
12 10 89 126 1356 100 0 0 0 0 0 1 0
11 11 78 116 1362 120 0 0 0 0 0 1 0
16 15 70 124 1632 100 0 0 0 0 0 1 0
20 23 56 118 1656 80 0 0 0 0 0 1 0
13 11 88 118 1656 80 0 0 0 0 0 1 0
11 13 96 128 1654 80 0 0 0 0 0 1 0
19 16 93 132 1656 80 0 0 0 0 0 1 0
21 20 67 94 1656 80 0 0 0 0 0 1 0
20 19 64 103 1654 80 0 0 0 0 0 1 0
12 13 91 112 1648 80 0 0 0 0 0 1 0
12 14 104 127 1648 80 0 0 0 0 0 1 0
15 11 83 118 1646 80 0 0 0 0 0 1 0
12 15 86 124 1646 80 0 0 0 0 0 1 0
14 10 97 132 1646 80 0 0 0 0 0 1 0
31 25 78 134 1648 80 0 0 0 0 0 1 0
11 12 95 133 1648 80 0 0 0 0 0 1 0
16 9 100 127 1648 80 0 0 0 0 0 1 0
11 11 102 127 1648 80 0 0 0 0 0 1 0
17 17 102 135 1648 80 0 0 0 0 0 1 0
10 8 101 136 1646 80 0 0 0 0 0 1 0
8 10 61 95 1690 211 0 0 0 0 0 1 0
25 11 77 103 1686 211 0 0 0 0 0 1 0
18 14 64 134 1692 143 0 0 0 0 0 1 0
17 15 115 149 1682 143 0 0 0 0 0 1 0
18 12 101 141 1694 60 0 0 0 0 0 1 0
9 7 85 119 1696 100 0 0 0 0 0 1 0
9 8 105 133 1698 100 0 0 0 0 0 1 0
6 6 105 133 1694 100 0 0 0 0 0 1 0
10 7 86 126 1694 100 0 0 0 0 0 1 0
31 32 106 130 1626 70 0 0 0 0 0 1 0
12 9 91 124 1626 70 0 0 0 0 0 1 0
13 12 87 134 1628 70 0 0 0 0 0 1 0
16 13 81 128 1626 70 0 0 0 0 0 1 0
21 19 96 117 1626 70 0 0 0 0 0 1 0
9 9 91 119 1626 70 0 0 0 0 0 1 0
14 10 96 132 1624 70 0 0 0 0 0 1 0
12 10 88 124 1624 70 0 0 0 0 0 1 0
14 12 75 110 1624 70 0 0 0 0 0 1 0
10 9 100 133 1624 70 0 0 0 0 0 1 0
12 10 91 131 1624 70 0 0 0 0 0 1 0
13 10 98 135 1624 70 0 0 0 0 0 1 0
16 13 110 132 1626 70 0 0 0 0 0 1 0
18 14 90 127 1624 70 0 0 0 0 0 1 0
14 8 94 121 1624 70 0 0 0 0 0 1 0
12 7 103 126 1626 70 0 0 0 0 0 1 0
16 14 79 126 1626 70 0 0 0 0 0 1 0
10 8 99 134 1628 70 0 0 0 0 0 1 0
42 37 12 134 1624 70 0 0 0 0 0 1 0
10 13 101 123 1624 70 0 0 0 0 0 1 0
8 8 93 122 1622 70 0 0 0 0 0 1 0
14 11 91 134 1696 85 0 0 0 0 0 1 0
11 12 102 150 1696 85 0 0 0 0 0 1 0
18 8 130 150 1698 85 0 0 0 0 0 1 0
16 12 136 156 1696 85 0 0 0 0 0 1 0
10 8 83 124 1352 80 0 0 0 0 0 1 0
12 10 84 125 1352 80 0 0 0 0 0 1 0
14 18 91 124 1354 80 0 0 0 0 0 1 0
11 9 92 133 1356 80 0 0 0 0 0 1 0
15 11 89 140 1352 80 0 0 0 0 0 1 0
14 10 82 132 1356 80 0 0 0 0 0 1 0
11 9 112 127 1360 40 0 0 0 0 0 1 0
13 12 91 126 1358 40 0 0 0 0 0 1 0
15 12 104 126 1358 40 0 0 0 0 0 1 0
17 17 78 118 1358 50 0 0 0 0 0 1 0
9 15 107 133 1358 50 0 0 0 0 0 1 0
6 7 98 111 1358 50 0 0 0 0 0 1 0
11 10 93 127 1360 50 0 0 0 0 0 1 0
31 40 93 125 1376 40 0 0 0 0 0 1 0
67 60 56 124 1668 40 0 0 0 0 0 1 0
96 95 69 132 1664 40 0 0 0 0 0 1 0
18 18 91 126 1666 40 0 0 0 0 0 1 0
10 10 91 119 1668 40 0 0 0 0 0 1 0
19 21 115 140 1666 40 0 0 0 0 0 1 0
11 10 96 125 1374 40 0 0 0 0 0 1 0
39 43 121 140 1362 40 0 0 0 0 0 1 0
8 14 110 125 1362 40 0 0 0 0 0 1 0
12 12 100 133 1358 40 0 0 0 0 0 1 0
15 11 84 124 1362 40 0 0 0 0 0 1 0
14 11 84 126 1358 200 0 0 0 0 0 1 0
15 20 105 135 1362 40 0 0 0 0 0 1 0
24 25 105 125 1362 40 0 0 0 0 0 1 0
46 51 91 133 1364 40 0 0 0 0 0 1 0
49 59 76 132 1364 40 0 0 0 0 0 1 0
57 50 61 124 1362 40 0 0 0 0 0 1 0
609 343 103 140 1364 40 0 0 0 0 0 1 0
65 39 111 126 1364 40 0 0 0 0 0 1 0
13 14 86 102 1366 185 0 0 0 0 0 1 0
10 10 93 116 1364 185 0 0 0 0 0 1 0
17 11 85 124 1362 175 0 0 0 0 0 1 0
38 32 90 125 1358 175 0 0 0 0 0 1 0
60 39 108 133 1360 175 0 0 0 0 0 1 0
17 17 113 143 1362 175 0 0 0 0 0 1 0
30 43 100 126 1360 175 0 0 0 0 0 1 0
15 11 112 141 1360 175 0 0 0 0 0 1 0
9 12 115 141 1360 175 0 0 0 0 0 1 0
28 39 105 134 1360 175 0 0 0 0 0 1 0
107 39 125 143 1364 100 0 0 0 0 0 1 0
44 16 120 141 1364 100 0 0 0 0 0 1 0
39 20 123 141 1362 100 0 0 0 0 0 1 0
58 29 118 143 1362 100 0 0 0 0 0 1 0
43 13 118 141 1360 100 0 0 0 0 0 1 0
53 30 120 143 1362 100 0 0 0 0 0 1 0
64 33 120 141 1360 100 0 0 0 0 0 1 0
32 19 121 142 1360 100 0 0 0 0 0 1 0
18 12 97 126 1360 100 0 0 0 0 0 1 0
17 20 74 127 1362 100 0 0 0 0 0 1 0
50 27 119 143 1364 100 0 0 0 0 0 1 0
33 45 59 132 1364 100 0 0 0 0 0 1 0
25 31 77 126 1364 100 0 0 0 0 0 1 0
18 20 83 126 1362 50 0 0 0 0 0 1 0
14 18 91 134 1360 40 0 0 0 0 0 1 0
42 22 115 135 1628 120 0 0 0 0 0 1 0
30 28 85 133 1360 175 0 0 0 0 0 1 0
22 19 105 126 1358 40 0 0 0 0 0 1 0
21 19 88 133 1360 40 0 0 0 0 0 1 0
27 17 88 132 1356 40 0 0 0 0 0 1 0
22 13 108 125 1356 40 0 0 0 0 0 1 0
17 19 88 132 1356 40 0 0 0 0 0 1 0
19 10 82 126 1360 40 0 0 0 0 0 1 0
36 34 83 133 1306 40 0 0 0 0 0 1 0
208 198 87 127 1306 40 0 0 0 0 0 1 0
20 22 70 127 1308 40 0 0 0 0 0 1 0
13 14 86 133 1306 40 0 0 0 0 0 1 0
14 15 81 125 1306 40 0 0 0 0 0 1 0
43 52 96 127 1308 40 0 0 0 0 0 1 0
15 16 71 126 1690 120 0 0 0 0 0 1 0
16 17 69 125 1692 80 0 0 0 0 0 1 0
17 15 87 133 1692 80 0 0 0 0 0 1 0
52 41 103 134 1694 80 0 0 0 0 0 1 0
15 14 87 126 1794 80 0 0 0 0 0 1 0
15 11 77 110 1696 80 0 0 0 0 0 1 0
24 20 52 110 1692 80 0 0 0 0 0 1 0
16 14 73 124 1696 80 0 0 0 0 0 1 0
20 16 50 126 1694 80 0 0 0 0 0 1 0
106 62 120 150 1694 80 0 0 0 0 0 1 0
35 18 87 125 1694 80 0 0 0 0 0 1 0
22 17 118 142 1694 80 0 0 0 0 0 1 0
198 207 75 141 1692 80 0 0 0 0 0 1 0
709 425 115 156 1694 80 0 0 0 0 0 1 0
192 134 117 150 1694 80 0 0 0 0 0 1 0
83 41 97 127 1694 80 0 0 0 0 0 1 0
58 43 73 252 1692 80 0 0 0 0 0 1 0
103 83 119 149 1692 80 0 0 0 0 0 1 0
76 83 91 134 1694 80 0 0 0 0 0 1 0
44 27 56 128 1692 80 0 0 0 0 0 1 0
69 41 101 126 1692 80 0 0 0 0 0 1 0
31 25 95 135 1694 80 0 0 0 0 0 1 0
41 29 119 148 1694 80 0 0 0 0 0 1 0
25 20 65 126 1694 80 0 0 0 0 0 1 0
18 11 71 133 1684 70 0 0 0 0 0 1 0
26 20 89 135 1684 70 0 0 0 0 0 1 0
15 11 59 126 1686 70 0 0 0 0 0 1 0
17 16 61 134 1686 70 0 0 0 0 0 1 0
15 12 61 125 1688 70 0 0 0 0 0 1 0
39 31 82 127 1690 70 0 0 0 0 0 1 0
12 12 81 140 1690 70 0 0 0 0 0 1 0
15 12 61 127 1686 70 0 0 0 0 0 1 0
17 11 67 132 1688 70 0 0 0 0 0 1 0
16 11 75 140 1690 70 0 0 0 0 0 1 0
14 12 79 127 1688 70 0 0 0 0 0 1 0
15 12 68 127 1688 70 0 0 0 0 0 1 0
17 13 81 127 1686 70 0 0 0 0 0 1 0
15 11 71 132 1690 70 0 0 0 0 0 1 0
16 15 68 140 1688 70 0 0 0 0 0 1 0
37 33 61 159 1688 70 0 0 0 0 0 1 0
14 14 73 125 1688 70 0 0 0 0 0 1 0
25 23 59 124 1688 70 0 0 0 0 0 1 0
24 32 82 125 1688 70 0 0 0 0 0 1 0
18 14 65 150 1688 70 0 0 0 0 0 1 0
18 20 53 124 1692 70 0 0 0 0 0 1 0
17 14 69 127 1690 70 0 0 0 0 0 1 0
17 12 67 116 1690 70 0 0 0 0 0 1 0
30 27 57 125 1690 70 0 0 0 0 0 1 0
37 24 97 132 1358 40 0 0 0 0 0 1 0
12 20 97 134 1356 40 0 0 0 0 0 1 0
16 15 104 132 1356 40 0 0 0 0 0 1 0
12 17 113 135 1354 40 0 0 0 0 0 1 0
14 11 77 127 1322 40 0 0 0 0 0 1 0
16 21 105 125 1322 40 0 0 0 0 0 1 0
21 19 107 126 1320 40 0 0 0 0 0 1 0
10 10 105 132 1324 40 0 0 0 0 0 1 0
13 15 109 127 1322 40 0 0 0 0 0 1 0
27 21 98 116 1696 60 0 0 0 0 0 1 0
31 17 89 124 1368 80 0 0 0 0 0 1 0
23 18 82 118 1368 80 0 0 0 0 0 1 0
83 34 113 151 1370 80 0 0 0 0 0 1 0
48 35 112 150 1368 80 0 0 0 0 0 1 0
39 24 93 119 1366 80 0 0 0 0 0 1 0
51 36 112 148 1368 80 0 0 0 0 0 1 0
32 17 111 149 1368 80 0 0 0 0 0 1 0
16 12 74 124 1364 80 0 0 0 0 0 1 0
38 25 82 124 1362 80 0 0 0 0 0 1 0
31 23 82 116 1364 80 0 0 0 0 0 1 0
24 15 90 124 1364 80 0 0 0 0 0 1 0
40 21 82 116 1364 80 0 0 0 0 0 1 0
27 17 83 126 1364 80 0 0 0 0 0 1 0
27 11 81 126 1364 80 0 0 0 0 0 1 0
32 21 78 132 1364 80 0 0 0 0 0 1 0
26 24 85 124 1364 80 0 0 0 0 0 1 0
43 30 84 124 1364 80 0 0 0 0 0 1 0
21 12 85 111 1362 80 0 0 0 0 0 1 0
27 15 84 116 1362 80 0 0 0 0 0 1 0
44 39 85 124 1362 80 0 0 0 0 0 1 0
44 26 86 125 1364 80 0 0 0 0 0 1 0
29 20 81 108 1364 80 0 0 0 0 0 1 0
28 16 82 111 1366 80 0 0 0 0 0 1 0
38 27 84 117 1364 80 0 0 0 0 0 1 0
44 44 82 125 1364 80 0 0 0 0 0 1 0
46 29 101 133 1364 80 0 0 0 0 0 1 0
40 24 84 124 1364 80 0 0 0 0 0 1 0
28 23 101 132 1364 80 0 0 0 0 0 1 0
72 35 106 135 1366 80 0 0 0 0 0 1 0
31 24 104 132 1364 80 0 0 0 0 0 1 0
37 35 100 132 1364 80 0 0 0 0 0 1 0
23 17 89 118 1362 80 0 0 0 0 0 1 0
44 28 102 134 1362 80 0 0 0 0 0 1 0
35 22 89 116 1362 80 0 0 0 0 0 1 0
53 32 104 134 1364 80 0 0 0 0 0 1 0
64 49 96 133 1364 80 0 0 0 0 0 1 0
62 41 96 134 1362 80 0 0 0 0 0 1 0
72 37 103 135 1364 80 0 0 0 0 0 1 0
57 33 99 134 1366 80 0 0 0 0 0 1 0
99 60 99 133 1358 100 0 0 0 0 0 1 0
47 27 107 135 1356 100 0 0 0 0 0 1 0
16 14 115 132 1356 40 0 0 0 0 0 1 0
35 35 89 126 1358 40 0 0 0 0 0 1 0
26 24 99 126 1360 40 0 0 0 0 0 1 0
47 45 77 127 1362 40 0 0 0 0 0 1 0
30 25 79 127 1362 40 0 0 0 0 0 1 0
15 13 101 134 1362 40 0 0 0 0 0 1 0
20 21 104 134 1362 40 0 0 0 0 0 1 0
15 16 99 126 1360 40 0 0 0 0 0 1 0
19 14 107 127 1362 40 0 0 0 0 0 1 0
16 13 101 127 1362 40 0 0 0 0 0 1 0
20 13 104 132 1360 40 0 0 0 0 0 1 0
21 16 99 127 1360 40 0 0 0 0 0 1 0
23 22 78 127 1364 40 0 0 0 0 0 1 0
38 32 78 132 1360 40 0 0 0 0 0 1 0
37 25 63 127 1362 40 0 0 0 0 0 1 0
25 32 104 141 1358 70 0 0 0 0 0 1 0
23 28 100 151 1358 70 0 0 0 0 0 1 0
16 12 56 111 1362 80 0 0 0 0 0 1 0
20 19 79 108 1362 80 0 0 0 0 0 1 0
14 23 73 124 1360 80 0 0 0 0 0 1 0
27 28 50 124 1362 200 0 0 0 0 0 1 0
13 15 65 111 1364 200 0 0 0 0 0 1 0
25 27 67 124 1364 200 0 0 0 0 0 1 0
27 23 27 110 1362 200 0 0 0 0 0 1 0
15 15 56 126 1364 200 0 0 0 0 0 1 0
33 41 65 124 1360 200 0 0 0 0 0 1 0
20 22 100 127 1354 200 0 0 0 0 0 1 0
25 28 103 132 1356 200 0 0 0 0 0 1 0
26 16 56 141 1356 200 0 0 0 0 0 1 0
67 55 46 125 1356 200 0 0 0 0 0 1 0
13 16 85 133 1373 40 0 0 0 0 0 0 1
16 106 95 127 1353 70 0 0 0 0 0 0 1
188 212 42 143 1353 70 0 0 0 0 0 0 1
188 189 6 148 1353 70 0 0 0 0 0 0 1
170 285 44 125 1353 70 0 0 0 0 0 0 1
22 29 71 125 1353 70 0 0 0 0 0 0 1
25 37 48 134 1353 70 0 0 0 0 0 0 1
5 4 110 135 1694 143 0 0 0 0 0 0 1
286 141 45 125 1356 40 0 0 0 0 0 0 1
302 136 38 124 1356 40 0 0 0 0 0 0 1
10 14 63 93 1656 80 0 0 0 0 0 0 1
23 26 48 84 1656 80 0 0 0 0 0 0 1
17 19 65 94 1658 80 0 0 0 0 0 0 1
25 42 55 94 1656 80 0 0 0 0 0 0 1
17 18 64 94 1658 80 0 0 0 0 0 0 1
25 32 101 125 1630 120 0 0 0 0 0 0 1
12 15 87 126 1626 120 0 0 0 0 0 0 1
41 53 92 141 1360 175 0 0 0 0 0 0 1
22 31 95 133 1362 175 0 0 0 0 0 0 1
16 23 110 134 1358 40 0 0 0 0 0 0 1
26 28 102 134 1374 40 0 0 0 0 0 0 1
359 392 4 140 1374 40 0 0 0 0 0 0 1
36 46 127 151 1687 200 0 0 0 0 0 0 1
63 131 101 151 1687 200 0 0 0 0 0 0 1
12 20 71 116 1687 200 0 0 0 0 0 0 1
14 21 97 141 1687 200 0 0 0 0 0 0 1
12 22 99 140 1687 200 0 0 0 0 0 0 1
11 17 76 125 1687 200 0 0 0 0 0 0 1
12 19 74 127 1687 200 0 0 0 0 0 0 1
11 19 99 133 1687 200 0 0 0 0 0 0 1
11 31 97 134 1687 200 0 0 0 0 0 0 1
13 24 111 135 1687 200 0 0 0 0 0 0 1
17 37 96 134 1687 200 0 0 0 0 0 0 1
13 29 103 133 1687 200 0 0 0 0 0 0 1
18 32 90 133 1687 200 0 0 0 0 0 0 1
12 21 96 133 1687 200 0 0 0 0 0 0 1
18 39 121 143 1687 200 0 0 0 0 0 0 1
15 26 102 126 1687 200 0 0 0 0 0 0 1
18 35 99 127 1687 200 0 0 0 0 0 0 1
16 22 97 141 1658 100 0 0 0 0 0 0 1
15 17 105 141 1658 100 0 0 0 0 0 0 1
11 11 90 117 1362 70 0 0 0 0 0 0 1
18 31 71 108 1360 70 0 0 0 0 0 0 1
16 23 81 117 1698 90 0 0 0 0 0 0 1
33 58 86 103 1353 185 0 0 0 0 0 0 1
36 155 70 103 1353 185 0 0 0 0 0 0 1
12 25 100 119 1353 185 0 0 0 0 0 0 1
22 50 93 118 1353 185 0 0 0 0 0 0 1
26 17 117 140 1372 40 0 0 0 0 0 0 1
32 25 114 134 1372 40 0 0 0 0 0 0 1
25 26 122 142 1372 40 0 0 0 0 0 0 1
23 24 118 141 1370 40 0 0 0 0 0 0 1
37 33 119 143 1374 40 0 0 0 0 0 0 1
35 18 118 140 1372 40 0 0 0 0 0 0 1
38 35 123 141 1372 40 0 0 0 0 0 0 1
25 26 96 118 1372 40 0 0 0 0 0 0 1
47 28 120 141 1374 40 0 0 0 0 0 0 1
24 17 125 142 1372 40 0 0 0 0 0 0 1
36 29 114 133 1372 40 0 0 0 0 0 0 1
51 49 127 157 1372 40 0 0 0 0 0 0 1
42 34 118 134 1372 40 0 0 0 0 0 0 1
34 32 120 140 1374 40 0 0 0 0 0 0 1
33 23 119 135 1376 40 0 0 0 0 0 0 1
18 19 110 132 1372 40 0 0 0 0 0 0 1
29 30 115 133 1370 40 0 0 0 0 0 0 1
38 42 106 132 1374 40 0 0 0 0 0 0 1
42 39 80 118 1374 40 0 0 0 0 0 0 1
29 39 113 132 1374 40 0 0 0 0 0 0 1
39 46 88 119 1372 40 0 0 0 0 0 0 1
53 37 111 134 1372 40 0 0 0 0 0 0 1
34 38 96 126 1372 40 0 0 0 0 0 0 1
51 50 110 127 1372 40 0 0 0 0 0 0 1
32 32 107 126 1376 40 0 0 0 0 0 0 1
11 11 97 132 1356 40 0 0 0 0 0 0 1
21 14 90 140 1362 185 0 0 0 0 0 0 1
15 15 92 140 1360 175 0 0 0 0 0 0 1
24 33 66 124 1358 175 0 0 0 0 0 0 1
9 10 89 117 1366 100 0 0 0 0 0 0 1
20 24 54 133 1696 60 0 0 0 0 0 0 1
30 35 79 124 1698 60 0 0 0 0 0 0 1
19 23 89 126 1696 60 0 0 0 0 0 0 1
20 21 49 101 1362 200 0 0 0 0 0 0 1
165 53 103 119 1387 40 0 0 0 0 0 0 1
44 15 118 134 1687 200 0 0 0 0 0 0 1
249 132 101 135 1358 40 0 0 0 0 0 0 1
9 7 118 141 1358 50 0 0 0 0 0 0 1
81 59 96 111 1376 40 0 0 0 0 0 0 1
46 27 99 126 1360 40 0 0 0 0 0 0 1
155 85 107 126 1353 70 0 0 0 0 0 0 1
60 39 120 135 1353 70 0 0 0 0 0 0 1
68 3 54 190 1227 40 0 0 0 0 0 0 1
153 61 113 156 1360 80 0 0 0 0 0 0 1
18 6 116 126 1358 50 0 0 0 0 0 0 1
69 64 55 126 1666 40 0 0 0 0 0 0 1
118 52 106 127 1670 40 0 0 0 0 0 0 1
247 106 103 132 1668 40 0 0 0 0 0 0 1
136 80 99 119 1666 40 0 0 0 0 0 0 1
28 15 134 149 1664 40 0 0 0 0 0 0 1
24 15 82 109 1370 80 0 0 0 0 0 0 1
26 11 79 101 1370 80 0 0 0 0 0 0 1
29 18 111 135 1370 80 0 0 0 0 0 0 1
17 5 108 140 1366 80 0 0 0 0 0 0 1
25 8 92 117 1364 80 0 0 0 0 0 0 1
19 7 89 110 1360 80 0 0 0 0 0 0 1
25 16 95 119 1356 80 0 0 0 0 0 0 1
10 8 95 127 1354 80 0 0 0 0 0 0 1
21 8 97 118 1360 80 0 0 0 0 0 0 1
361 123 64 118 1360 100 0 0 0 0 0 0 1
705 225 78 252 1358 100 0 0 0 0 0 0 1
593 166 78 141 1360 100 0 0 0 0 0 0 1
79 49 130 158 1360 100 0 0 0 0 0 0 1
501 171 85 134 1356 100 0 0 0 0 0 0 1
187 105 97 134 1360 100 0 0 0 0 0 0 1
239 120 97 132 1358 100 0 0 0 0 0 0 1
1275 276 61 135 1354 100 0 0 0 0 0 0 1
304 87 91 132 1352 100 0 0 0 0 0 0 1
106 28 105 127 1358 40 0 0 0 0 0 0 1
58 10 105 134 1356 40 0 0 0 0 0 0 1
118 44 110 134 1358 40 0 0 0 0 0 0 1
110 35 111 133 1356 40 0 0 0 0 0 0 1
44 17 109 127 1362 40 0 0 0 0 0 0 1
50 18 106 126 1360 40 0 0 0 0 0 0 1
417 106 89 127 1356 40 0 0 0 0 0 0 1
73 17 116 134 1360 40 0 0 0 0 0 0 1
58 13 116 134 1356 40 0 0 0 0 0 0 1
30 12 110 127 1356 40 0 0 0 0 0 0 1
45 19 109 126 1358 40 0 0 0 0 0 0 1
10 14 203 220 1387 40 0 0 0 0 0 0 1
62 74 50 108 1627 40 0 0 0 0 0 0 1
41 42 35 116 1627 40 0 0 0 0 0 0 1
55 49 127 141 1627 40 0 0 0 0 0 0 1
241 195 122 142 1627 40 0 0 0 0 0 0 1
27 20 84 109 1354 40 0 0 0 0 0 0 1
20 16 84 116 1646 80 0 0 0 0 0 0 1
12 14 103 127 1353 185 0 0 0 0 0 0 1
14 17 89 132 1353 185 0 0 0 0 0 0 1
15 16 101 127 1387 40 0 0 0 0 0 0 1
10 10 89 123 1687 80 0 0 0 0 0 0 1
13 9 80 103 1687 80 0 0 0 0 0 0 1
12 8 97 132 1687 80 0 0 0 0 0 0 1
12 11 99 127 1687 70 0 0 0 0 0 0 1
8 9 98 132 1687 70 0 0 0 0 0 0 1
9 6 99 121 1687 70 0 0 0 0 0 0 1
11 10 87 127 1687 70 0 0 0 0 0 0 1
18 11 81 127 1687 100 0 0 0 0 0 0 1
12 11 82 125 1687 100 0 0 0 0 0 0 1
12 13 115 140 1687 100 0 0 0 0 0 0 1
9 8 116 143 1687 100 0 0 0 0 0 0 1
12 7 88 117 1687 100 0 0 0 0 0 0 1
11 7 82 108 1687 100 0 0 0 0 0 0 1
21 21 82 127 1353 50 0 0 0 0 0 0 1
20 26 77 122 1353 50 0 0 0 0 0 0 1
21 18 54 118 1353 50 0 0 0 0 0 0 1
18 15 132 150 1364 70 0 0 0 0 0 0 1
13 10 91 125 1364 70 0 0 0 0 0 0 1
27 18 125 142 1362 70 0 0 0 0 0 0 1
20 22 77 118 1362 70 0 0 0 0 0 0 1
9 10 92 134 1364 70 0 0 0 0 0 0 1
18 11 61 119 1362 70 0 0 0 0 0 0 1
15 11 93 132 1364 70 0 0 0 0 0 0 1
27 17 128 149 1366 70 0 0 0 0 0 0 1
27 30 93 119 1364 70 0 0 0 0 0 0 1
11 9 89 127 1364 70 0 0 0 0 0 0 1
15 11 91 124 1356 70 0 0 0 0 0 0 1
18 17 48 126 1650 69 0 0 0 0 0 0 1
14 12 73 133 1648 69 0 0 0 0 0 0 1
12 8 87 135 1690 150 0 0 0 0 0 0 1
8 7 102 134 1688 150 0 0 0 0 0 0 1
16 12 71 132 1688 150 0 0 0 0 0 0 1
24 17 118 143 1690 150 0 0 0 0 0 0 1
21 14 58 135 1690 150 0 0 0 0 0 0 1
13 11 78 132 1652 100 0 0 0 0 0 0 1
38 25 40 141 1666 100 0 0 0 0 0 0 1
11 10 102 135 1656 100 0 0 0 0 0 0 1
12 14 85 125 1656 100 0 0 0 0 0 0 1
16 13 81 132 1658 100 0 0 0 0 0 0 1
77 54 36 116 1654 80 0 0 0 0 0 0 1
12 8 91 134 1656 80 0 0 0 0 0 0 1
13 12 77 110 1652 80 0 0 0 0 0 0 1
19 14 71 114 1654 80 0 0 0 0 0 0 1
68 61 42 117 1648 80 0 0 0 0 0 0 1
13 11 77 133 1696 100 0 0 0 0 0 0 1
12 9 99 143 1688 100 0 0 0 0 0 0 1
10 11 101 142 1618 70 0 0 0 0 0 0 1
17 18 101 135 1666 40 0 0 0 0 0 0 1
32 31 92 124 1668 40 0 0 0 0 0 0 1
14 15 102 124 1666 40 0 0 0 0 0 0 1
10 9 100 132 1362 175 0 0 0 0 0 0 1
14 11 111 134 1396 120 0 0 0 0 0 0 1
12 9 101 126 1360 40 0 0 0 0 0 0 1
16 13 103 253 1358 40 0 0 0 0 0 0 1
10 10 104 124 1692 70 0 0 0 0 0 0 1
14 12 82 102 1356 40 0 0 0 0 0 0 1
19 21 91 126 1358 40 0 0 0 0 0 0 1
34 34 84 133 1362 40 0 0 0 0 0 0 1
33 27 25 132 1354 40 0 0 0 0 0 0 1
17 17 77 134 1694 80 0 0 0 0 0 0 1
11 10 70 109 1694 60 0 0 0 0 0 0 1
15 10 73 109 1694 60 0 0 0 0 0 0 1
15 15 109 134 1692 60 0 0 0 0 0 0 1
14 8 96 126 1698 60 0 0 0 0 0 0 1
9 6 105 126 1698 60 0 0 0 0 0 0 1
11 12 91 125 1696 60 0 0 0 0 0 0 1
12 8 95 127 1696 60 0 0 0 0 0 0 1
44 36 53 126 1364 80 0 0 0 0 0 0 1
12 16 107 125 1358 40 0 0 0 0 0 0 1
20 14 96 127 1362 40 0 0 0 0 0 0 1
19 16 105 132 1360 40 0 0 0 0 0 0 1
18 20 102 132 1360 40 0 0 0 0 0 0 1
33 27 80 127 1360 40 0 0 0 0 0 0 1
17 13 83 141 1356 200 0 0 0 0 0 0 1
61 67 82 102 1692 300 0 0 0 0 0 0 1
145 133 80 108 1692 300 0 0 0 0 0 0 1
35 49 87 109 1692 300 0 0 0 0 0 0 1
28 37 71 93 1692 300 0 0 0 0 0 0 1
79 78 80 103 1692 300 0 0 0 0 0 0 1
48 42 89 108 1692 300 0 0 0 0 0 0 1
42 35 89 103 1692 300 0 0 0 0 0 0 1
36 32 93 124 1692 300 0 0 0 0 0 0 1
72 65 77 111 1692 300 0 0 0 0 0 0 1
30 27 106 127 1692 300 0 0 0 0 0 0 1
36 29 99 124 1692 300 0 0 0 0 0 0 1
123 87 63 111 1692 300 0 0 0 0 0 0 1
49 44 86 111 1692 300 0 0 0 0 0 0 1
68 57 49 124 1692 300 0 0 0 0 0 0 1
44 28 112 140 1692 300 0 0 0 0 0 0 1
37 46 7 86 1692 300 0 0 0 0 0 0 1
51 53 88 119 1692 300 0 0 0 0 0 0 1
19 17 77 103 1692 300 0 0 0 0 0 0 1
30 25 66 108 1692 300 0 0 0 0 0 0 1
91 80 85 117 1692 300 0 0 0 0 0 0 1
29 27 90 110 1692 300 0 0 0 0 0 0 1
73 59 93 127 1692 300 0 0 0 0 0 0 1
54 58 94 124 1692 300 0 0 0 0 0 0 1
176 128 29 111 1692 300 0 0 0 0 0 0 1
107 140 82 116 1353 300 0 0 0 0 0 0 1
406 366 96 133 1353 300 0 0 0 0 0 0 1
251 303 87 133 1353 300 0 0 0 0 0 0 1
30 28 107 127 1394 120 0 0 0 0 0 0 1
58 51 118 141 1396 120 0 0 0 0 0 0 1
64 60 112 132 1396 120 0 0 0 0 0 0 1
33 19 108 127 1690 70 0 0 0 0 0 0 1
35 20 97 116 1692 70 0 0 0 0 0 0 1
239 204 104 127 1692 70 0 0 0 0 0 0 1
20 15 99 124 1690 70 0 0 0 0 0 0 1
32 25 103 126 1692 70 0 0 0 0 0 0 1
28 28 95 117 1362 40 0 0 0 0 0 0 1
25 23 101 127 1362 40 0 0 0 0 0 0 1
231 284 101 127 1362 40 0 0 0 0 0 0 1
12 62 19 99 1687 80 0 0 0 0 0 0 1
13 38 45 108 1387 50 0 0 0 0 0 0 1
9 19 44 109 1387 50 0 0 0 0 0 0 1
7 29 44 95 1387 50 0 0 0 0 0 0 1
82 246 11 127 1353 70 0 0 0 0 0 0 1
8 58 61 121 1353 70 0 0 0 0 0 0 1
23 56 46 127 1353 70 0 0 0 0 0 0 1
117 257 0 134 1353 70 0 0 0 0 0 0 1
13 59 36 117 1353 70 0 0 0 0 0 0 1
46 61 121 141 1353 70 0 0 0 0 0 0 1
9 15 70 95 1715 50 0 0 0 0 0 0 1
59 43 110 127 1353 70 0 0 0 0 0 0 1
245 395 19 120 1715 50 0 0 0 0 0 0 1
13 13 87 126 1688 60 0 0 0 0 0 0 1
23 24 77 110 1686 60 0 0 0 0 0 0 1
70 54 80 101 1692 70 0 0 0 0 0 0 1
49 48 73 108 1688 70 0 0 0 0 0 0 1
13 14 42 84 1692 70 0 0 0 0 0 0 1
271 317 68 124 1686 70 0 0 0 0 0 0 1
39 25 113 140 1652 69 0 0 0 0 0 0 1
21 9 102 127 1652 69 0 0 0 0 0 0 1
24 12 103 143 1692 143 0 0 0 0 0 0 1
18 17 119 141 1360 180 0 0 0 0 0 0 1
30 18 125 143 1378 40 0 0 0 0 0 0 1
21 23 87 127 1378 40 0 0 0 0 0 0 1
22 11 132 143 1374 40 0 0 0 0 0 0 1
258 330 92 143 1366 40 0 0 0 0 0 0 1
56 26 112 134 1370 40 0 0 0 0 0 0 1
14 13 125 143 1370 40 0 0 0 0 0 0 1
16 15 95 118 1346 40 0 0 0 0 0 0 1
25 25 21 79 1348 40 0 0 0 0 0 0 1
13 13 102 134 1354 40 0 0 0 0 0 0 1
13 16 114 141 1354 40 0 0 0 0 0 0 1
36 12 120 140 1352 40 0 0 0 0 0 0 1
12 12 114 140 1352 40 0 0 0 0 0 0 1
10 11 111 140 1350 40 0 0 0 0 0 0 1
14 36 111 135 1354 40 0 0 0 0 0 0 1
13 26 108 126 1352 40 0 0 0 0 0 0 1
12 33 112 132 1352 40 0 0 0 0 0 0 1
44 4 58 188 1374 40 0 0 0 0 0 0 1
30 7 104 149 1376 40 0 0 0 0 0 0 1
23 6 123 141 1630 100 0 0 0 0 0 0 1
32 24 125 143 1630 100 0 0 0 0 0 0 1
4 5 102 124 1694 100 0 0 0 0 0 0 1
13 6 125 143 1362 180 0 0 0 0 0 0 1
50 25 123 141 1354 50 0 0 0 0 0 0 1
28 20 91 111 1353 50 0 0 0 0 0 0 1
100 61 100 134 1694 80 0 0 0 0 0 0 1
192 116 109 247 1692 80 0 0 0 0 0 0 1
19 39 77 127 1360 150 0 0 0 0 0 0 1
38 101 80 129 1360 150 0 0 0 0 0 0 1
25 29 105 128 1687 80 0 0 0 0 0 0 1
12 12 86 115 1687 80 0 0 0 0 0 0 1
10 15 77 122 1687 80 0 0 0 0 0 0 1
10 15 75 123 1687 80 0 0 0 0 0 0 1
9 24 87 127 1687 80 0 0 0 0 0 0 1
130 314 65 122 1687 80 0 0 0 0 0 0 1
104 172 72 104 1687 80 0 0 0 0 0 0 1
42 125 56 94 1687 80 0 0 0 0 0 0 1
68 162 56 99 1687 80 0 0 0 0 0 0 1
61 140 83 132 1687 80 0 0 0 0 0 0 1
39 108 81 110 1687 80 0 0 0 0 0 0 1
43 118 59 106 1687 80 0 0 0 0 0 0 1
80 162 57 101 1687 80 0 0 0 0 0 0 1
45 120 59 106 1687 80 0 0 0 0 0 0 1
55 106 63 106 1687 80 0 0 0 0 0 0 1
37 113 63 101 1687 80 0 0 0 0 0 0 1
16 13 105 127 1687 80 0 0 0 0 0 0 1
34 43 85 120 1687 80 0 0 0 0 0 0 1
22 22 110 129 1467 100 0 0 0 0 0 0 1
28 27 91 123 1623 100 0 0 0 0 0 0 1
18 34 52 148 1687 150 0 0 0 0 0 0 1
52 48 113 141 1687 200 0 0 0 0 0 0 1
15 31 97 124 1687 200 0 0 0 0 0 0 1
12 27 84 133 1373 40 0 0 0 0 0 0 1
908 903 19 134 1387 40 0 0 0 0 0 0 1
41 42 82 101 1353 70 0 0 0 0 0 0 1
37 68 83 124 1353 70 0 0 0 0 0 0 1
109 118 110 136 1353 70 0 0 0 0 0 0 1
13 26 96 111 1353 70 0 0 0 0 0 0 1
67 137 61 96 1353 70 0 0 0 0 0 0 1
40 60 97 119 1353 70 0 0 0 0 0 0 1
21 24 85 103 1353 70 0 0 0 0 0 0 1
34 42 96 119 1353 70 0 0 0 0 0 0 1
62 72 85 127 1280 100 0 0 0 0 0 0 1
97 64 87 116 1633 300 0 0 0 0 0 0 1
17 25 101 133 1633 250 0 0 0 0 0 0 1
17 16 67 133 1627 40 0 0 0 0 0 0 1
69 56 72 125 1687 80 0 0 0 0 0 0 1
14 15 91 116 1690 60 0 0 0 0 0 0 1
18 11 100 119 1692 70 0 0 0 0 0 0 1
10 10 78 114 1690 70 0 0 0 0 0 0 1
22 20 91 127 1690 70 0 0 0 0 0 0 1
11 15 98 125 1692 70 0 0 0 0 0 0 1
21 19 95 131 1690 70 0 0 0 0 0 0 1
15 12 66 133 1692 70 0 0 0 0 0 0 1
179 42 66 159 1688 70 0 0 0 0 0 0 1
50 29 133 151 1364 70 0 0 0 0 0 0 1
20 13 129 148 1364 70 0 0 0 0 0 0 1
26 10 129 151 1364 70 0 0 0 0 0 0 1
211 119 16 125 1364 70 0 0 0 0 0 0 1
14 10 101 127 1650 70 0 0 0 0 0 0 1
13 10 97 133 1650 70 0 0 0 0 0 0 1
14 12 86 118 1652 70 0 0 0 0 0 0 1
32 33 68 103 1654 70 0 0 0 0 0 0 1
25 11 97 117 1652 70 0 0 0 0 0 0 1
15 14 101 134 1652 70 0 0 0 0 0 0 1
65 53 103 132 1654 70 0 0 0 0 0 0 1
15 13 95 118 1650 70 0 0 0 0 0 0 1
10 9 96 127 1650 70 0 0 0 0 0 0 1
28 17 92 129 1650 70 0 0 0 0 0 0 1
11 10 97 126 1650 70 0 0 0 0 0 0 1
12 13 76 102 1652 100 0 0 0 0 0 0 1
16 21 67 118 1650 100 0 0 0 0 0 0 1
14 11 90 116 1712 100 0 0 0 0 0 0 1
20 12 113 141 1710 100 0 0 0 0 0 0 1
21 15 131 151 1364 120 0 0 0 0 0 0 1
13 12 89 129 1652 80 0 0 0 0 0 0 1
12 11 78 103 1652 80 0 0 0 0 0 0 1
16 16 95 125 1656 80 0 0 0 0 0 0 1
66 54 67 133 1648 80 0 0 0 0 0 0 1
8 7 104 142 1620 70 0 0 0 0 0 0 1
17 11 111 132 1692 70 0 0 0 0 0 0 1
17 24 105 132 1360 40 0 0 0 0 0 0 1
13 12 100 124 1360 40 0 0 0 0 0 0 1
10 12 112 125 1360 40 0 0 0 0 0 0 1
8 10 97 134 1360 40 0 0 0 0 0 0 1
9 13 115 132 1360 40 0 0 0 0 0 0 1
35 40 75 124 1374 40 0 0 0 0 0 0 1
53 62 71 132 1374 40 0 0 0 0 0 0 1
8 10 93 118 1358 130 0 0 0 0 0 0 1
7 7 99 110 1360 130 0 0 0 0 0 0 1
11 15 107 125 1360 130 0 0 0 0 0 0 1
11 13 97 124 1360 130 0 0 0 0 0 0 1
34 29 80 132 1360 130 0 0 0 0 0 0 1
19 21 66 125 1360 40 0 0 0 0 0 0 1
29 37 82 127 1360 40 0 0 0 0 0 0 1
12 10 114 133 1366 185 0 0 0 0 0 0 1
15 20 110 134 1356 175 0 0 0 0 0 0 1
34 30 108 127 1690 70 0 0 0 0 0 0 1
86 56 123 143 1694 70 0 0 0 0 0 0 1
31 31 86 126 1690 70 0 0 0 0 0 0 1
12 15 107 127 1692 70 0 0 0 0 0 0 1
17 12 67 125 1356 40 0 0 0 0 0 0 1
14 11 85 133 1694 80 0 0 0 0 0 0 1
14 25 108 133 1356 40 0 0 0 0 0 0 1
13 26 61 94 1362 200 0 0 0 0 0 0 1
17 17 41 95 1364 200 0 0 0 0 0 0 1
19 11 61 124 1360 200 0 0 0 0 0 0 1
80 46 24 133 1356 200 0 0 0 0 0 0 1
19 20 81 126 1356 200 0 0 0 0 0 0 1
905 583 46 135 1358 200 0 0 0 0 0 0 1
32 31 49 87 1356 200 0 0 0 0 0 0 1
41 21 104 143 1632 200 0 0 0 0 0 0 1
38 27 77 126 1356 200 0 0 0 0 0 0 1
27 28 95 127 1614 200 0 0 0 0 0 0 1
16 65 106 125 1353 70 0 0 0 0 0 0 1
28 33 84 109 1333 40 0 0 0 0 0 0 1
13 11 84 118 1623 100 0 0 0 0 0 0 1
183 102 0 37 1650 69 0 0 0 0 0 0 1
26 4 111 127 1654 69 0 0 0 0 0 0 1
15 11 102 124 1648 69 0 0 0 0 0 0 1
74 46 114 134 1692 70 0 0 0 0 0 0 1
210 181 0 39 1346 100 0 0 0 0 0 0 1
43 45 106 127 1362 40 0 0 0 0 0 0 1
16 16 103 118 1364 40 0 0 0 0 0 0 1
198 284 70 103 1360 200 0 0 0 0 0 0 1
204 209 89 124 1356 200 0 0 0 0 0 0 1
88 115 93 119 1360 200 0 0 0 0 0 0 1
15 13 117 134 1358 200 0 0 0 0 0 0 1
19 13 118 141 1358 200 0 0 0 0 0 0 1
102 127 79 124 1360 200 0 0 0 0 0 0 1
24 14 117 134 1360 200 0 0 0 0 0 0 1
189 214 80 134 1360 200 0 0 0 0 0 0 1
21 9 94 119 1360 200 0 0 0 0 0 0 1
174 180 87 124 1360 200 0 0 0 0 0 0 1
99 174 29 93 1362 200 0 0 0 0 0 0 1
233 211 69 109 1362 200 0 0 0 0 0 0 1
29 18 108 125 1362 200 0 0 0 0 0 0 1
57 78 78 101 1360 200 0 0 0 0 0 0 1
22 29 70 86 1394 220 0 0 0 0 0 0 1
102 112 75 95 1392 220 0 0 0 0 0 0 1
42 63 84 108 1394 220 0 0 0 0 0 0 1
83 76 86 110 1392 220 0 0 0 0 0 0 1
43 36 86 101 1392 220 0 0 0 0 0 0 1
75 73 94 111 1392 220 0 0 0 0 0 0 1
79 90 77 103 1394 220 0 0 0 0 0 0 1
168 174 90 119 1392 220 0 0 0 0 0 0 1
120 96 104 127 1392 220 0 0 0 0 0 0 1
96 112 84 117 1394 220 0 0 0 0 0 0 1
214 220 104 135 1394 220 0 0 0 0 0 0 1
367 270 113 143 1394 220 0 0 0 0 0 0 1
365 268 113 143 1394 220 0 0 0 0 0 0 1
142 151 112 143 1396 220 0 0 0 0 0 0 1
28 13 95 111 1690 70 0 0 0 0 0 0 1
40 18 117 140 1690 70 0 0 0 0 0 0 1
22 18 72 93 1630 140 0 0 0 0 0 0 1
43 51 95 127 1362 40 0 0 0 0 0 0 1
21 16 178 197 1387 40 0 0 0 0 0 0 1
61 35 128 143 1387 40 0 0 0 0 0 0 1
38 22 124 140 1387 40 0 0 0 0 0 0 1
18 20 103 126 1387 40 0 0 0 0 0 0 1
14 34 92 119 1387 40 0 0 0 0 0 0 1
23 27 86 119 1387 40 0 0 0 0 0 0 1
13 20 94 116 1387 40 0 0 0 0 0 0 1
21 18 104 119 1387 40 0 0 0 0 0 0 1
18 20 105 124 1387 40 0 0 0 0 0 0 1
17 24 93 127 1387 40 0 0 0 0 0 0 1
9 21 93 118 1387 40 0 0 0 0 0 0 1
18 22 106 125 1373 40 0 0 0 0 0 0 1
17 22 104 119 1373 40 0 0 0 0 0 0 1
18 14 77 119 1387 40 0 0 0 0 0 0 1
17 21 104 119 1373 40 0 0 0 0 0 0 1
18 23 53 125 1373 40 0 0 0 0 0 0 1
15 19 111 127 1373 40 0 0 0 0 0 0 1
11 15 86 124 1373 40 0 0 0 0 0 0 1
16 15 110 125 1373 40 0 0 0 0 0 0 1
13 23 82 124 1373 40 0 0 0 0 0 0 1
12 19 105 124 1373 40 0 0 0 0 0 0 1
13 17 61 119 1373 40 0 0 0 0 0 0 1
12 42 75 118 1373 40 0 0 0 0 0 0 1
28 8 118 143 1648 69 0 0 0 0 0 0 1
19 15 63 95 1654 100 0 0 0 0 0 0 1
43 34 104 126 1602 40 0 0 0 0 0 0 1
69 41 116 128 1602 40 0 0 0 0 0 0 1
61 42 107 127 1604 40 0 0 0 0 0 0 1
40 31 121 141 1600 40 0 0 0 0 0 0 1
36 23 121 140 1600 40 0 0 0 0 0 0 1
71 43 73 116 1360 300 0 0 0 0 0 0 1
12 11 79 102 1358 300 0 0 0 0 0 0 1
37 34 104 127 1623 100 0 0 0 0 0 0 1
134 200 169 199 1387 40 0 0 0 0 0 0 1
219 206 104 127 1387 40 0 0 0 0 0 0 1
15 16 107 127 1354 70 0 0 0 0 0 0 1
67 80 90 119 1358 70 0 0 0 0 0 0 1
11 9 86 103 1356 70 0 0 0 0 0 0 1
72 67 85 118 1356 70 0 0 0 0 0 0 1
23 13 113 140 1358 70 0 0 0 0 0 0 1
13 12 114 135 1354 70 0 0 0 0 0 0 1
13 14 97 126 1358 70 0 0 0 0 0 0 1
19 14 104 127 1356 70 0 0 0 0 0 0 1
25 10 76 101 1354 70 0 0 0 0 0 0 1
81 46 93 119 1350 70 0 0 0 0 0 0 1
17 19 102 123 1350 70 0 0 0 0 0 0 1
47 32 91 133 1354 70 0 0 0 0 0 0 1
69 54 118 141 1360 130 0 0 0 0 0 0 1
109 59 107 135 1358 175 0 0 0 0 0 0 1
64 37 109 133 1358 175 0 0 0 0 0 0 1
59 42 107 134 1358 175 0 0 0 0 0 0 1
34 18 101 127 1358 175 0 0 0 0 0 0 1
49 33 109 127 1364 50 0 0 0 0 0 0 1
52 32 112 133 1364 50 0 0 0 0 0 0 1
56 31 118 140 1364 50 0 0 0 0 0 0 1
24 25 118 140 1364 50 0 0 0 0 0 0 1
57 43 119 143 1362 50 0 0 0 0 0 0 1
42 25 116 135 1362 50 0 0 0 0 0 0 1
56 37 119 142 1364 50 0 0 0 0 0 0 1
51 35 121 143 1362 50 0 0 0 0 0 0 1
29 16 96 116 1360 40 0 0 0 0 0 0 1
29 16 96 116 1358 40 0 0 0 0 0 0 1
110 71 85 117 1360 40 0 0 0 0 0 0 1
62 34 84 127 1356 40 0 0 0 0 0 0 1
76 51 97 127 1358 40 0 0 0 0 0 0 1
91 58 114 140 1354 40 0 0 0 0 0 0 1
33 23 96 118 1354 40 0 0 0 0 0 0 1
186 121 96 127 1356 40 0 0 0 0 0 0 1
125 83 113 133 1354 40 0 0 0 0 0 0 1
68 38 114 141 1358 40 0 0 0 0 0 0 1
55 32 112 135 1356 40 0 0 0 0 0 0 1
25 18 105 127 1356 40 0 0 0 0 0 0 1
36 23 87 119 1356 40 0 0 0 0 0 0 1
12 13 107 124 1387 40 0 0 0 0 0 0 1
9 14 106 127 1358 100 0 0 0 0 0 0 1
16 8 118 140 1360 100 0 0 0 0 0 0 1
87 71 96 127 1360 100 0 0 0 0 0 0 1
10 9 101 130 1362 120 0 0 0 0 0 0 1
307 377 42 143 1364 120 0 0 0 0 0 0 1
13 16 104 130 1362 120 0 0 0 0 0 0 1
11 8 92 124 1362 120 0 0 0 0 0 0 1
10 8 117 127 1356 50 0 0 0 0 0 0 1
14 11 79 116 1358 300 0 0 0 0 0 0 1
20 15 87 126 1360 300 0 0 0 0 0 0 1
22 18 80 116 1358 300 0 0 0 0 0 0 1
19 12 79 103 1358 300 0 0 0 0 0 0 1
14 10 77 101 1360 300 0 0 0 0 0 0 1
12 16 80 124 1360 300 0 0 0 0 0 0 1
17 10 87 111 1360 300 0 0 0 0 0 0 1
11 8 81 126 1360 300 0 0 0 0 0 0 1
30 17 86 124 1360 300 0 0 0 0 0 0 1
25 16 86 126 1358 300 0 0 0 0 0 0 1
14 10 102 123 1623 100 0 0 0 0 0 0 1
25 22 107 140 1356 120 0 0 0 0 0 0 1
18 24 52 125 1686 143 0 0 0 0 0 0 1
14 5 121 143 1366 60 0 0 0 0 0 0 1
19 24 101 133 1362 175 0 0 0 0 0 0 1
51 20 124 141 1358 40 0 0 0 0 0 0 1
13 13 107 126 1354 40 0 0 0 0 0 0 1
39 40 91 126 1710 100 0 0 0 0 0 0 1
15 18 103 135 1708 100 0 0 0 0 0 0 1
9 13 64 93 1694 211 0 0 0 0 0 0 1
15 14 106 127 1364 130 0 0 0 0 0 0 1
12 18 88 124 1366 175 0 0 0 0 0 0 1
16 20 103 132 1364 100 0 0 0 0 0 0 1
27 27 104 133 1694 70 0 0 0 0 0 0 1
75 125 89 126 1366 40 0 0 0 0 0 0 1
12 13 29 71 1356 300 0 0 0 0 0 0 1
16 13 33 78 1354 300 0 0 0 0 0 0 1
19 20 36 71 1356 300 0 0 0 0 0 0 1
16 27 161 181 1353 200 0 0 0 0 0 0 1
11 7 110 134 1353 200 0 0 0 0 0 0 1
9 4 191 207 1353 200 0 0 0 0 0 0 1
12 10 190 207 1353 200 0 0 0 0 0 0 1
19 19 179 197 1353 200 0 0 0 0 0 0 1
8 9 172 189 1353 200 0 0 0 0 0 0 1
12 17 147 166 1353 200 0 0 0 0 0 0 1
12 15 175 190 1353 200 0 0 0 0 0 0 1
11 12 179 197 1353 200 0 0 0 0 0 0 1
9 12 167 182 1353 200 0 0 0 0 0 0 1
11 8 172 189 1353 200 0 0 0 0 0 0 1
38 46 160 182 1353 200 0 0 0 0 0 0 1
17 21 151 172 1353 100 0 0 0 0 0 0 1
21 29 173 196 1353 100 0 0 0 0 0 0 1
17 10 162 189 1353 100 0 0 0 0 0 0 1
51 57 133 165 1353 100 0 0 0 0 0 0 1
33 36 192 212 1353 100 0 0 0 0 0 0 1
27 32 151 175 1353 100 0 0 0 0 0 0 1
18 28 162 181 1353 100 0 0 0 0 0 0 1
10 17 153 175 1353 100 0 0 0 0 0 0 1
25 28 145 167 1353 100 0 0 0 0 0 0 1
18 26 161 175 1353 100 0 0 0 0 0 0 1
22 38 135 158 1353 100 0 0 0 0 0 0 1
18 39 132 151 1353 100 0 0 0 0 0 0 1
14 27 144 158 1353 100 0 0 0 0 0 0 1
19 24 135 156 1353 100 0 0 0 0 0 0 1
20 22 145 159 1353 100 0 0 0 0 0 0 1
33 32 150 172 1353 100 0 0 0 0 0 0 1
6 12 40 86 1692 70 0 0 0 0 0 0 1
40 4 102 164 1690 70 0 0 0 0 0 0 1
12 19 40 84 1692 70 0 0 0 0 0 0 1
28 7 80 156 1690 70 0 0 0 0 0 0 1
21 4 56 151 1690 70 0 0 0 0 0 0 1
42 15 72 198 1690 70 0 0 0 0 0 0 1
23 18 28 101 1692 70 0 0 0 0 0 0 1
14 12 24 93 1692 70 0 0 0 0 0 0 1
14 12 14 87 1692 70 0 0 0 0 0 0 1
22 3 87 158 1692 70 0 0 0 0 0 0 1
333 62 77 167 1692 70 0 0 0 0 0 0 1
22 8 80 159 1692 70 0 0 0 0 0 0 1
32 11 95 166 1692 70 0 0 0 0 0 0 1
22 5 99 148 1690 70 0 0 0 0 0 0 1
40 3 85 165 1688 70 0 0 0 0 0 0 1
34 7 52 191 1690 70 0 0 0 0 0 0 1
11 12 80 93 1690 70 0 0 0 0 0 0 1
68 11 65 174 1692 70 0 0 0 0 0 0 1
13 10 79 125 1688 70 0 0 0 0 0 0 1
12 9 102 127 1692 70 0 0 0 0 0 0 1
29 10 100 165 1690 70 0 0 0 0 0 0 1
32 7 84 159 1690 70 0 0 0 0 0 0 1
42 8 97 150 1690 70 0 0 0 0 0 0 1
32 7 92 190 1692 70 0 0 0 0 0 0 1
38 2 101 180 1362 70 0 0 0 0 0 0 1
62 37 121 151 1370 69 0 0 0 0 0 0 1
39 24 101 127 1370 69 0 0 0 0 0 0 1
19 6 122 150 1372 69 0 0 0 0 0 0 1
32 12 110 141 1366 69 0 0 0 0 0 0 1
12 9 107 143 1364 69 0 0 0 0 0 0 1
18 11 112 134 1650 69 0 0 0 0 0 0 1
26 13 115 143 1650 69 0 0 0 0 0 0 1
14 17 64 102 1688 150 0 0 0 0 0 0 1
14 10 51 87 1686 150 0 0 0 0 0 0 1
23 33 35 84 1688 150 0 0 0 0 0 0 1
40 33 35 86 1688 150 0 0 0 0 0 0 1
13 7 118 140 1658 143 0 0 0 0 0 0 1
35 20 112 142 1658 143 0 0 0 0 0 0 1
134 80 105 140 1658 143 0 0 0 0 0 0 1
19 12 113 142 1652 100 0 0 0 0 0 0 1
36 25 109 135 1668 100 0 0 0 0 0 0 1
33 22 116 148 1666 100 0 0 0 0 0 0 1
34 23 114 143 1668 100 0 0 0 0 0 0 1
57 44 91 132 1708 100 0 0 0 0 0 0 1
79 40 104 132 1710 100 0 0 0 0 0 0 1
19 6 114 150 1694 143 0 0 0 0 0 0 1
91 47 111 143 1694 143 0 0 0 0 0 0 1
17 8 110 143 1692 143 0 0 0 0 0 0 1
29 12 102 141 1692 143 0 0 0 0 0 0 1
22 10 109 148 1692 143 0 0 0 0 0 0 1
28 14 111 143 1692 143 0 0 0 0 0 0 1
42 22 114 141 1694 143 0 0 0 0 0 0 1
10 5 124 140 1364 130 0 0 0 0 0 0 1
20 14 117 135 1364 40 0 0 0 0 0 0 1
33 22 124 143 1362 40 0 0 0 0 0 0 1
20 14 118 141 1364 40 0 0 0 0 0 0 1
50 27 120 140 1364 40 0 0 0 0 0 0 1
23 18 124 143 1364 40 0 0 0 0 0 0 1
49 29 122 143 1360 40 0 0 0 0 0 0 1
98 55 125 143 1364 40 0 0 0 0 0 0 1
30 18 117 143 1366 40 0 0 0 0 0 0 1
22 16 120 143 1362 40 0 0 0 0 0 0 1
23 16 125 143 1362 40 0 0 0 0 0 0 1
28 20 115 141 1362 40 0 0 0 0 0 0 1
27 17 125 143 1364 40 0 0 0 0 0 0 1
39 32 116 140 1364 40 0 0 0 0 0 0 1
38 22 105 126 1362 40 0 0 0 0 0 0 1
66 46 118 143 1362 40 0 0 0 0 0 0 1
61 37 115 140 1362 40 0 0 0 0 0 0 1
43 28 104 126 1362 40 0 0 0 0 0 0 1
42 20 107 125 1364 40 0 0 0 0 0 0 1
52 42 113 128 1362 40 0 0 0 0 0 0 1
46 28 112 126 1364 40 0 0 0 0 0 0 1
26 18 120 141 1366 185 0 0 0 0 0 0 1
24 23 123 142 1364 185 0 0 0 0 0 0 1
44 26 65 117 1366 175 0 0 0 0 0 0 1
47 18 118 140 1360 40 0 0 0 0 0 0 1
36 22 119 142 1360 40 0 0 0 0 0 0 1
67 30 119 141 1360 40 0 0 0 0 0 0 1
51 22 116 140 1360 40 0 0 0 0 0 0 1
116 58 123 143 1360 40 0 0 0 0 0 0 1
59 26 111 126 1360 40 0 0 0 0 0 0 1
91 39 119 143 1360 40 0 0 0 0 0 0 1
54 22 119 141 1360 40 0 0 0 0 0 0 1
44 24 112 133 1360 40 0 0 0 0 0 0 1
40 22 120 140 1360 40 0 0 0 0 0 0 1
97 47 117 140 1360 40 0 0 0 0 0 0 1
26 22 101 133 1360 80 0 0 0 0 0 0 1
