17 44 76 108 1687 80 1
10 30 84 123 1687 80 1
8 19 99 125 1623 100 1
13 45 99 126 1353 290 1
60 260 37 126 1353 185 1
20 87 64 127 1387 40 1
230 432 23 199 1687 150 1
11 20 124 172 1687 150 1
15 26 53 148 1687 150 1
46 167 53 143 1687 150 1
13 48 76 143 1687 150 1
42 69 97 119 1687 150 1
15 54 102 158 1687 150 1
22 60 62 111 1687 150 1
30 68 36 133 1687 150 1
59 133 50 134 1687 150 1
167 282 11 143 1687 150 1
38 76 79 134 1687 150 1
8 25 92 126 1687 150 1
15 27 96 141 1687 200 1
18 34 87 141 1687 200 1
13 29 101 134 1687 200 1
10 19 107 150 1687 200 1
15 39 92 141 1687 200 1
17 35 123 148 1687 200 1
9 23 77 111 1373 40 1
19 39 75 118 1373 40 1
9 18 97 119 1627 40 1
92 253 33 140 1373 40 1
15 38 51 124 1373 40 1
9 33 99 132 1373 40 1
19 63 47 125 1387 40 1
9 24 80 119 1387 40 1
10 28 70 111 1387 50 1
29 62 15 119 1387 50 1
16 43 55 127 1387 50 1
15 39 55 125 1353 70 1
34 72 77 135 1353 70 1
36 48 73 100 1333 40 1
22 23 79 126 1633 250 1
35 54 90 132 1687 200 1
30 36 65 124 1353 70 1
20 26 66 124 1627 40 1
30 50 88 116 1627 40 1
16 21 96 132 1690 60 1
43 49 67 110 1690 60 1
12 13 85 116 1686 60 1
11 17 91 124 1682 60 1
14 12 67 100 1688 60 1
9 11 95 125 1690 60 1
9 13 100 132 1690 60 1
47 66 51 109 1690 60 1
20 27 72 109 1688 60 1
20 24 69 108 1650 69 1
20 34 95 125 1648 69 1
20 27 88 126 1646 69 1
14 7 120 149 1650 69 1
25 30 85 119 1650 100 1
10 12 94 132 1710 100 1
10 15 99 123 1360 100 1
10 10 81 111 1360 100 1
10 11 100 132 1362 120 1
14 11 84 126 1362 120 1
9 12 87 118 1632 100 1
9 11 99 127 1632 100 1
43 60 77 118 1632 100 1
13 20 84 116 1630 100 1
8 13 95 116 1654 100 1
15 14 73 94 1656 100 1
12 9 71 101 1656 100 1
14 13 77 100 1658 100 1
21 28 81 116 1648 100 1
15 20 99 119 1656 100 1
17 18 58 93 1694 211 1
9 12 62 92 1694 211 1
8 6 80 116 1692 143 1
24 31 90 143 1692 143 1
20 23 101 141 1352 80 1
165 285 64 140 1400 40 1
134 201 16 133 1380 40 1
142 185 47 126 1666 40 1
13 17 97 126 1666 40 1
11 7 89 111 1364 60 1
481 604 21 141 1362 60 1
18 16 55 97 1360 200 1
14 17 94 140 1392 220 1
13 20 106 128 1392 220 1
19 32 78 127 1362 40 1
25 36 92 132 1364 40 1
36 39 68 135 1364 40 1
36 52 63 132 1364 40 1
45 69 44 124 1362 40 1
44 67 72 124 1360 40 1
18 22 49 109 1364 100 1
9 7 87 109 1366 100 1
28 29 91 126 1358 40 1
18 26 103 126 1690 70 1
29 43 99 125 1690 70 1
15 19 100 127 1694 70 1
11 16 95 127 1692 70 1
8 12 111 135 1692 70 1
13 21 89 111 1690 70 1
23 28 49 126 1626 120 1
57 103 66 133 1362 175 1
32 57 46 108 1632 125 1
17 15 71 127 1634 125 1
146 197 19 141 1634 125 1
22 28 89 140 1632 125 1
22 26 87 134 1626 125 1
16 17 84 127 1358 40 1
24 32 84 126 1350 50 1
26 35 68 125 1354 50 1
24 28 23 94 1698 90 1
24 32 90 125 1696 90 1
29 84 30 93 1696 90 1
33 70 45 95 1698 90 1
12 30 38 101 1698 90 1
35 45 80 124 1700 90 1
13 20 89 134 1698 90 1
63 86 88 124 1698 90 1
78 98 91 126 1696 90 1
37 42 86 124 1696 90 1
24 33 90 119 1698 90 1
26 30 64 126 1696 90 1
20 27 94 125 1694 90 1
56 70 77 125 1696 90 1
59 87 62 127 1696 90 1
28 32 77 127 1698 90 1
65 103 68 127 1698 90 1
22 31 74 126 1698 90 1
35 45 85 127 1700 90 1
50 89 63 127 1698 90 1
37 54 62 125 1698 90 1
24 32 81 126 1698 90 1
17 23 84 124 1688 70 1
251 427 30 133 1688 70 1
15 18 106 127 1356 40 1
18 26 80 127 1362 40 1
18 23 79 127 1698 60 1
14 20 110 134 1696 60 1
213 359 28 126 1364 80 1
15 50 65 126 1360 100 1
26 31 66 125 1358 40 1
16 18 89 126 1358 40 1
14 14 84 135 1362 40 1
221 357 37 133 1360 40 1
33 53 49 127 1358 40 1
20 33 68 126 1358 40 1
43 61 78 126 1360 40 1
27 31 75 125 1360 40 1
24 28 102 143 1360 70 1
19 19 99 143 1358 70 1
26 26 97 143 1358 70 1
21 34 91 151 1356 70 1
47 56 106 156 1358 70 1
18 24 120 150 1358 70 1
20 22 103 156 1358 70 1
18 21 101 156 1358 70 1
33 17 116 143 1708 100 2
13 6 108 132 1354 70 2
33 31 100 132 1354 70 2
41 56 71 117 1354 70 2
19 11 99 118 1354 70 2
20 15 109 140 1354 70 2
143 172 80 116 1354 70 2
201 161 96 127 1354 70 2
90 54 104 135 1354 70 2
54 59 92 127 1356 70 2
53 56 79 118 1352 70 2
33 36 98 125 1354 70 2
16 23 46 86 1356 70 2
35 42 47 95 1356 70 2
12 13 86 110 1356 70 2
16 19 109 126 1354 70 2
17 15 97 132 1354 70 2
49 42 78 101 1356 70 2
22 21 105 127 1358 70 2
14 14 98 125 1358 70 2
38 21 106 134 1354 70 2
28 19 89 111 1354 70 2
15 12 70 93 1354 70 2
15 11 36 84 1356 70 2
23 12 104 127 1356 70 2
94 94 94 124 1356 70 2
748 403 93 143 1358 70 2
65 40 84 111 1356 70 2
13 12 85 103 1354 70 2
19 13 109 132 1354 70 2
12 7 101 124 1356 70 2
50 56 33 84 1354 70 2
28 16 95 118 1356 70 2
24 12 95 119 1356 70 2
17 17 90 116 1356 70 2
28 25 105 126 1356 70 2
18 20 97 124 1352 70 2
106 98 77 118 1356 70 2
21 27 40 78 1356 70 2
58 50 97 134 1358 70 2
23 17 87 111 1356 70 2
15 10 113 135 1358 70 2
15 20 97 124 1356 70 2
93 120 51 93 1358 70 2
197 207 22 86 1358 70 2
106 103 29 84 1356 70 2
61 67 43 78 1358 70 2
117 94 102 133 1356 70 2
470 380 82 148 1354 70 2
70 90 95 133 1354 70 2
101 56 96 125 1352 70 2
466 536 43 108 1352 70 2
96 102 40 79 1356 70 2
90 99 95 135 1354 70 2
67 62 90 126 1354 70 2
202 161 82 133 1352 70 2
107 129 44 101 1354 70 2
84 55 105 132 1352 70 2
85 94 89 132 1354 70 2
235 230 78 124 1358 70 2
95 77 90 117 1356 70 2
69 70 110 135 1354 70 2
60 53 94 127 1354 70 2
15 13 113 140 1352 70 2
98 100 81 118 1356 70 2
47 40 86 116 1356 70 2
30 16 114 141 1356 70 2
25 22 102 132 1356 70 2
19 20 98 119 1354 70 2
591 431 95 141 1356 70 2
31 15 96 118 1354 70 2
55 36 52 94 1356 70 2
14 14 98 124 1354 70 2
14 8 102 124 1354 70 2
20 14 109 127 1354 70 2
45 35 42 85 1356 70 2
18 7 102 124 1354 70 2
22 30 111 140 1356 70 2
17 14 51 117 1358 70 2
12 14 81 109 1354 70 2
106 83 96 126 1356 70 2
56 38 105 141 1354 70 2
10 12 95 115 1358 70 2
28 21 93 118 1358 70 2
23 16 93 111 1358 70 2
15 16 41 71 1356 70 2
25 29 104 125 1358 70 2
20 11 103 126 1356 70 2
54 33 95 125 1356 70 2
30 36 80 118 1358 70 2
17 13 95 111 1358 70 2
23 14 89 113 1360 70 2
12 11 102 124 1358 70 2
19 16 89 109 1358 70 2
76 76 73 117 1358 70 2
52 35 104 127 1360 70 2
16 13 102 124 1356 70 2
26 25 90 117 1358 70 2
36 22 103 125 1356 70 2
25 28 92 116 1356 70 2
24 27 96 120 1356 70 2
72 92 49 84 1354 70 2
27 22 99 125 1356 70 2
84 82 70 118 1356 70 2
20 19 100 119 1356 70 2
31 23 117 143 1356 70 2
33 28 105 127 1356 70 2
72 55 91 118 1354 70 2
37 33 100 124 1354 70 2
16 13 111 132 1358 70 2
19 17 104 125 1358 70 2
174 100 106 133 1358 70 2
16 13 102 126 1356 70 2
20 11 96 117 1360 70 2
31 18 90 125 1356 70 2
84 50 110 140 1356 70 2
17 11 112 132 1356 70 2
50 26 86 135 1356 70 2
73 60 80 116 1358 70 2
25 21 84 116 1356 70 2
22 10 95 117 1356 70 2
17 13 76 109 1356 70 2
18 12 116 140 1356 70 2
12 10 96 118 1356 70 2
23 17 41 84 1356 70 2
15 10 99 124 1356 70 2
22 7 111 135 1356 70 2
13 11 112 133 1356 70 2
38 25 115 140 1356 70 2
22 14 89 110 1356 70 2
38 44 86 118 1354 70 2
36 33 85 124 1354 70 2
29 24 88 119 1354 70 2
13 11 89 111 1354 70 2
20 18 84 117 1352 70 2
10 11 75 101 1356 70 2
28 25 84 118 1356 70 2
29 17 109 134 1354 70 2
38 29 86 109 1354 70 2
12 14 79 101 1358 70 2
30 29 72 109 1354 70 2
13 11 91 117 1356 70 2
15 13 81 103 1354 70 2
27 17 93 111 1354 70 2
19 13 112 132 1356 70 2
19 17 90 108 1356 70 2
22 17 87 124 1356 70 2
68 89 48 101 1354 70 2
22 20 90 116 1356 70 2
114 144 85 132 1356 70 2
13 15 81 110 1354 70 2
64 70 89 132 1356 70 2
19 17 47 77 1358 70 2
19 26 91 117 1356 70 2
24 21 108 148 1354 70 2
12 10 48 77 1358 70 2
22 23 85 111 1356 70 2
19 12 84 111 1356 70 2
73 68 76 109 1356 70 2
13 9 90 109 1354 70 2
25 21 90 125 1352 70 2
28 17 105 132 1352 70 2
24 16 104 126 1354 70 2
40 43 81 119 1352 70 2
20 21 41 70 1356 70 2
150 151 81 126 1352 70 2
35 36 80 118 1354 70 2
15 12 43 86 1354 70 2
20 23 80 110 1352 70 2
11 13 81 108 1350 70 2
14 18 92 118 1348 70 2
11 13 105 125 1358 100 2
70 35 119 135 1360 40 2
37 23 120 134 1362 40 2
109 59 119 135 1362 40 2
25 15 119 133 1362 40 2
112 59 120 142 1362 40 2
45 30 122 140 1362 40 2
49 17 122 140 1360 40 2
73 48 122 141 1360 40 2
24 27 87 111 1362 175 2
28 31 105 133 1362 175 2
206 294 93 133 1362 175 2
35 39 118 135 1362 175 2
175 211 101 135 1360 175 2
26 21 107 126 1364 175 2
24 20 106 127 1364 175 2
21 26 109 126 1360 175 2
229 289 78 127 1362 175 2
42 56 96 126 1364 175 2
13 12 168 198 1387 40 3
9 11 178 207 1387 40 3
10 12 168 189 1387 40 3
8 11 157 206 1387 40 3
56 60 77 221 1387 40 3
10 9 195 213 1387 40 3
13 15 172 212 1387 40 3
59 104 68 236 1387 40 3
16 11 196 210 1387 40 3
18 11 192 207 1387 40 3
16 17 195 212 1387 40 3
12 12 163 188 1387 40 3
8 10 178 207 1387 40 3
8 11 164 205 1387 40 3
8 14 178 198 1387 40 3
8 11 177 191 1387 40 3
8 9 143 174 1387 40 3
24 27 48 189 1387 40 3
12 15 118 174 1387 40 3
11 13 123 181 1387 40 3
9 13 128 164 1387 40 3
11 10 141 182 1387 40 3
12 10 139 181 1387 40 3
10 11 161 183 1387 40 3
9 11 150 180 1387 40 3
11 10 134 183 1387 40 3
10 13 148 182 1387 40 3
9 10 161 182 1387 40 3
9 11 159 181 1387 40 3
9 9 161 182 1387 40 3
9 11 156 180 1387 40 3
11 11 148 182 1387 40 3
12 12 128 175 1387 40 3
9 8 158 181 1387 40 3
104 101 49 124 1387 40 3
80 61 6 119 1387 40 3
14 18 36 127 1373 40 3
17 17 33 127 1373 40 3
16 17 68 124 1373 40 3
17 21 43 129 1373 40 3
13 19 61 126 1373 40 3
28 49 70 103 1387 40 3
33 35 54 93 1687 80 3
10449 18152 0 156 1336 40 3
1022 593 24 148 1400 40 3
1138 597 21 148 1402 40 3
992 578 23 148 1400 40 3
1084 680 22 143 1404 40 3
1169 712 18 143 1398 40 3
1193 709 25 143 1402 40 3
999 605 27 150 1400 40 3
1050 684 21 143 1398 40 3
1015 586 24 143 1402 40 3
729 433 24 143 1402 40 3
796 513 24 143 1402 40 3
788 534 22 143 1400 40 3
713 448 21 143 1400 40 3
1021 696 25 150 1398 40 3
790 539 24 143 1400 40 3
842 562 19 150 1402 40 3
926 591 21 149 1400 40 3
802 537 24 148 1404 40 3
814 534 27 148 1400 40 3
853 535 24 143 1402 40 3
768 507 22 142 1404 40 3
755 497 23 141 1400 40 3
696 480 25 143 1398 40 3
794 495 27 142 1400 40 3
749 482 25 143 1400 40 3
720 469 27 142 1400 40 3
929 568 27 143 1398 40 3
763 456 25 142 1398 40 3
30 16 123 140 1398 40 3
67 47 120 134 1400 40 3
670 425 29 141 1398 40 3
745 463 31 141 1398 40 3
756 469 22 143 1400 40 3
38 27 120 134 1400 40 3
780 453 19 141 1400 40 3
779 468 22 141 1398 40 3
867 541 21 141 1400 40 3
731 420 29 141 1398 40 3
670 399 26 143 1400 40 3
821 498 25 143 1398 40 3
805 503 27 142 1400 40 3
805 503 25 141 1400 40 3
763 425 29 141 1398 40 3
861 522 23 141 1400 40 3
143 98 119 135 1398 40 3
865 517 23 143 1400 40 3
595 357 27 143 1400 40 3
796 478 24 142 1400 40 3
795 441 29 140 1400 40 3
735 415 29 141 1398 40 3
708 424 30 141 1400 40 3
976 557 25 142 1396 40 3
607 362 30 141 1398 40 3
657 387 32 143 1398 40 3
664 396 27 141 1402 40 3
617 372 27 141 1402 40 3
94 63 119 135 1402 40 3
114 79 120 140 1400 40 3
552 319 25 141 1400 40 3
758 419 23 141 1400 40 3
131 91 119 140 1402 40 3
650 443 26 143 1402 40 3
617 334 28 141 1402 40 3
675 452 26 141 1400 40 3
631 374 29 143 1400 40 3
614 359 34 141 1402 40 3
589 406 33 142 1402 40 3
500 310 31 143 1402 40 3
634 404 29 143 1400 40 3
793 469 31 141 1402 40 3
694 424 29 143 1400 40 3
660 378 33 141 1402 40 3
572 370 30 141 1400 40 3
618 381 33 141 1400 40 3
572 363 38 141 1402 40 3
577 349 27 142 1402 40 3
579 357 30 141 1400 40 3
560 331 36 141 1400 40 3
596 348 31 140 1402 40 3
562 361 32 140 1404 40 3
587 352 37 141 1402 40 3
622 374 27 141 1400 40 3
593 354 31 143 1402 40 3
538 348 30 135 1402 40 3
616 365 37 141 1400 40 3
634 359 25 141 1402 40 3
631 390 33 140 1402 40 3
639 388 31 141 1402 40 3
705 420 36 140 1402 40 3
591 367 27 141 1400 40 3
608 375 35 141 1402 40 3
621 400 36 141 1400 40 3
639 387 35 141 1402 40 3
649 409 33 141 1400 40 3
623 387 35 143 1402 40 3
700 462 31 141 1402 40 3
626 397 37 141 1400 40 3
699 429 40 141 1402 40 3
570 356 37 141 1400 40 3
578 382 33 141 1402 40 3
564 343 37 141 1402 40 3
652 418 38 142 1402 40 3
801 433 40 141 1400 40 3
685 407 40 140 1402 40 3
754 454 36 140 1400 40 3
659 387 38 140 1402 40 3
757 441 42 140 1402 40 3
625 418 39 140 1402 40 3
319 173 34 135 1402 40 3
239 110 40 127 1404 40 3
655 382 41 141 1400 40 3
755 444 44 142 1404 40 3
232 124 39 127 1402 40 3
214 118 47 127 1402 40 3
743 453 41 141 1402 40 3
289 166 48 135 1404 40 3
268 152 42 135 1404 40 3
611 384 39 140 1404 40 3
602 355 40 141 1404 40 3
653 398 41 141 1402 40 3
682 424 42 140 1402 40 3
636 383 38 141 1400 40 3
255 129 118 141 1402 40 3
239 133 42 127 1402 40 3
578 322 47 141 1402 40 3
235 133 43 135 1400 40 3
181 90 123 134 1402 40 3
226 128 38 127 1400 40 3
588 360 35 141 1400 40 3
190 107 46 127 1400 40 3
325 186 41 135 1400 40 3
175 125 120 140 1400 40 3
332 207 114 140 1400 40 3
280 166 41 135 1400 40 3
558 338 52 141 1400 40 3
558 343 49 140 1400 40 3
230 119 53 135 1400 40 3
381 216 55 141 1400 40 3
248 153 33 124 1358 40 3
240 136 38 133 1358 40 3
248 116 39 135 1360 40 3
70 42 115 135 1358 40 3
39 26 115 135 1362 40 3
179 108 48 127 1360 40 3
172 88 39 127 1362 40 3
198 83 38 127 1360 40 3
215 115 38 126 1360 40 3
262 168 116 140 1360 40 3
226 105 29 135 1362 40 3
31 21 118 135 1362 40 3
197 98 37 132 1360 40 3
210 116 42 126 1360 40 3
219 106 40 127 1360 40 3
157 85 42 125 1360 40 3
179 96 45 125 1362 40 3
184 87 43 127 1358 40 3
196 102 40 126 1362 40 3
187 94 37 126 1362 40 3
182 93 38 124 1362 40 3
163 87 50 125 1362 40 3
175 89 46 124 1360 40 3
163 82 45 126 1360 40 3
177 90 40 126 1360 40 3
161 78 43 125 1360 40 3
178 108 45 126 1360 40 3
178 96 50 126 1360 40 3
166 99 41 126 1362 40 3
191 102 41 125 1360 40 3
191 102 47 125 1362 40 3
166 88 45 125 1360 40 3
196 91 49 126 1360 40 3
200 110 54 127 1360 40 3
210 123 55 124 1356 40 3
228 137 51 134 1358 40 3
250 130 48 133 1356 40 3
51 31 116 135 1358 40 3
211 110 47 126 1358 40 3
216 119 45 126 1356 40 3
205 117 42 126 1356 40 3
40 23 115 134 1356 40 3
50 30 114 134 1358 40 3
188 118 43 125 1356 40 3
209 138 39 126 1358 40 3
198 119 45 125 1358 40 3
202 106 41 124 1358 40 3
207 117 45 126 1356 40 3
192 109 43 125 1358 40 3
200 112 45 125 1360 40 3
216 124 47 124 1356 40 3
205 117 38 124 1358 40 3
206 129 45 125 1358 40 3
182 113 49 127 1358 40 3
209 117 44 127 1356 40 3
231 168 116 140 1358 40 3
211 136 40 126 1358 40 3
269 164 113 135 1358 40 3
212 131 49 124 1358 40 3
220 142 115 135 1356 40 3
227 139 116 140 1356 40 3
214 130 132 132 1358 40 3
249 136 40 127 1358 40 3
317 184 115 135 1358 40 3
257 129 41 124 1358 40 3
231 125 38 124 1358 40 3
240 128 37 125 1356 40 3
262 153 45 125 1358 40 3
229 124 39 119 1356 40 3
274 156 36 125 1358 40 3
344 174 41 127 1358 40 3
268 141 40 119 1356 40 3
315 145 38 127 1356 40 3
285 165 43 126 1358 40 3
247 133 41 133 1356 40 3
242 128 114 135 1358 40 3
255 125 36 125 1358 40 3
293 153 38 124 1356 40 3
260 120 37 125 1358 40 3
261 143 38 119 1356 40 3
276 127 46 126 1358 40 3
279 154 43 119 1356 40 3
266 139 43 124 1356 40 3
257 128 39 127 1356 40 3
257 115 43 125 1356 40 3
297 152 42 127 1358 40 3
278 138 43 126 1358 40 3
331 159 41 124 1356 40 3
288 156 36 124 1358 40 3
351 173 42 124 1358 40 3
316 170 44 124 1358 40 3
2 1 126 133 1356 40 3
238 142 38 124 1358 40 3
279 160 39 125 1358 40 3
259 133 37 124 1358 40 3
273 132 36 124 1356 40 3
266 131 41 124 1358 40 3
333 162 36 126 1358 40 3
278 134 38 124 1358 40 3
310 151 38 126 1356 40 3
252 113 40 126 1358 40 3
223 117 40 126 1358 40 3
171 85 115 135 1356 40 3
276 134 39 124 1358 40 3
282 140 36 124 1356 40 3
247 128 38 126 1358 40 3
244 131 36 124 1358 40 3
293 135 41 125 1358 40 3
262 133 42 126 1358 40 3
251 123 43 125 1356 40 3
271 138 38 127 1358 40 3
234 119 35 126 1358 40 3
280 143 43 124 1358 40 3
256 113 41 124 1358 40 3
312 171 115 140 1358 40 3
265 125 44 124 1356 40 3
263 137 43 125 1356 40 3
296 156 43 124 1356 40 3
287 132 41 126 1356 40 3
222 104 39 127 1358 40 3
253 135 39 127 1358 40 3
277 151 42 124 1358 40 3
283 147 39 124 1360 40 3
286 147 40 126 1358 40 3
2 1 120 130 1358 40 3
257 123 39 126 1358 40 3
312 167 38 125 1356 40 3
263 137 39 124 1358 40 3
265 132 42 126 1356 40 3
290 151 41 125 1356 40 3
276 141 40 124 1358 40 3
307 140 36 124 1356 40 3
313 158 41 119 1358 40 3
310 145 40 127 1358 40 3
291 160 40 125 1358 40 3
306 149 36 126 1358 40 3
259 149 116 135 1358 40 3
277 162 37 124 1356 40 3
243 129 44 124 1356 40 3
293 142 46 127 1358 40 3
263 135 46 124 1358 40 3
295 159 43 125 1358 40 3
273 132 51 127 1358 40 3
219 125 43 124 1358 40 3
242 131 47 127 1358 40 3
251 125 41 126 1358 40 3
181 101 115 135 1358 40 3
269 140 45 127 1358 40 3
328 172 33 124 1358 40 3
275 148 40 126 1358 40 3
275 134 42 126 1358 40 3
299 149 40 125 1356 40 3
356 186 43 134 1358 40 3
324 184 40 124 1358 40 3
41 25 115 132 1358 40 3
263 143 39 126 1358 40 3
300 154 42 126 1358 40 3
323 149 44 127 1358 40 3
43 21 109 134 1358 40 3
275 134 37 119 1356 40 3
264 135 40 124 1358 40 3
276 143 43 119 1358 40 3
330 175 41 134 1356 40 3
295 138 42 124 1356 40 3
274 139 41 126 1358 40 3
274 131 48 124 1358 40 3
302 155 42 124 1358 40 3
28 14 114 132 1356 40 3
252 138 40 127 1356 40 3
274 141 40 119 1356 40 3
284 145 48 125 1356 40 3
289 160 43 124 1358 40 3
286 159 46 126 1356 40 3
298 138 43 125 1358 40 3
288 155 43 126 1356 40 3
266 144 46 127 1358 40 3
303 154 43 125 1356 40 3
296 169 48 126 1358 40 3
262 137 44 127 1358 40 3
289 158 44 125 1356 40 3
188 91 64 127 1358 40 3
150 76 65 127 1358 40 3
257 136 63 127 1360 40 3
176 89 68 127 1358 40 3
177 99 56 127 1360 40 3
163 89 65 127 1360 40 3
175 99 66 127 1360 40 3
157 86 67 127 1360 40 3
179 100 68 127 1358 40 3
185 108 74 132 1360 40 3
157 95 73 127 1362 40 3
203 90 71 127 1360 40 3
185 102 70 127 1358 40 3
851 424 27 124 1358 50 3
805 400 26 126 1358 50 3
740 356 29 124 1358 50 3
943 539 23 140 1378 40 3
861 501 22 143 1378 40 3
173 87 35 95 1666 40 3
191 114 36 103 1664 40 3
169 93 35 103 1670 40 3
173 100 35 108 1666 40 3
405 216 36 118 1666 40 3
166 89 38 103 1670 40 3
320 197 40 134 1666 40 3
462 260 40 135 1666 40 3
492 293 43 140 1666 40 3
297 258 9 143 1362 40 3
29 17 87 134 1358 40 3
31 9 114 132 1360 100 4
7 4 116 148 1358 50 4
17 13 100 125 1358 50 4
14 7 127 140 1360 50 4
6 4 120 149 1360 50 4
9 5 110 141 1362 50 4
4 4 112 149 1360 50 4
5 6 125 143 1358 50 4
4 4 110 140 1358 50 4
5 5 115 141 1358 50 4
5 4 111 140 1360 50 4
10 4 122 136 1356 50 4
6 3 111 142 1358 50 4
7 3 123 141 1360 50 4
6 3 113 141 1358 50 4
12 10 89 126 1358 50 4
9 4 112 143 1358 50 4
6 4 128 141 1358 50 4
5 3 111 135 1358 50 4
6 5 122 132 1358 50 4
6 4 90 118 1358 50 4
6 4 99 127 1358 50 4
5 4 107 126 1358 50 4
3 4 108 135 1362 50 4
4 3 105 127 1360 50 4
4 4 107 132 1360 50 4
3 3 107 140 1358 50 4
6 2 118 136 1358 50 4
4 5 119 132 1358 50 4
8 4 114 148 1358 50 4
7 4 121 135 1358 50 4
11 7 120 135 1358 50 4
7 4 114 140 1358 50 4
23 13 92 132 1360 50 4
6 4 110 140 1360 50 4
7 4 112 140 1360 50 4
12 5 121 140 1358 50 4
13 7 120 140 1358 50 4
7 5 122 141 1356 50 4
7 6 129 142 1358 50 4
6 4 106 141 1358 50 4
7 4 114 142 1356 50 4
9 8 123 140 1358 50 4
6 4 113 141 1356 50 4
8 6 127 141 1358 50 4
6 5 113 140 1358 50 4
6 4 117 148 1358 50 4
9 7 122 142 1354 50 4
9 5 115 133 1356 50 4
5 6 120 132 1356 50 4
16 8 120 143 1356 50 4
5 4 109 141 1356 50 4
7 5 119 134 1356 50 4
6 5 111 142 1358 50 4
8 5 120 134 1358 50 4
8 5 105 143 1358 50 4
10 4 127 140 1358 50 4
19 12 118 135 1358 50 4
7 4 102 141 1360 50 4
7 7 129 149 1360 50 4
9 8 117 135 1360 50 4
8 4 109 140 1358 50 4
5 4 109 149 1360 50 4
6 4 109 144 1360 50 4
7 6 120 140 1358 50 4
15 7 120 141 1360 50 4
9 8 120 141 1358 50 4
13 7 123 143 1360 50 4
10 7 116 134 1360 50 4
9 6 115 150 1360 50 4
5 4 111 143 1360 50 4
9 6 123 141 1358 50 4
29 31 79 124 1353 120 5
48 62 27 119 1353 120 5
48 61 90 119 1353 120 5
25 39 93 124 1353 120 5
55 81 93 125 1353 120 5
73 90 100 132 1353 120 5
78 127 86 125 1687 50 5
23 36 108 127 1352 40 5
19 25 111 133 1354 40 5
27 35 110 132 1354 40 5
30 38 111 133 1354 40 5
20 47 110 132 1354 40 5
15 30 109 127 1358 40 5
16 28 110 134 1356 40 5
15 18 111 132 1358 40 5
14 19 111 126 1358 40 5
18 29 115 135 1352 40 5
15 20 116 141 1352 40 5
16 19 110 127 1352 40 5
47 13 114 143 1650 69 5
20 8 116 143 1652 69 5
29 13 117 141 1652 69 5
28 9 113 141 1650 69 5
26 6 116 140 1652 69 5
24 9 115 143 1650 69 5
19 11 116 140 1648 69 5
129 157 28 140 1696 69 5
15 17 129 157 1658 143 5
19 31 99 125 1364 100 5
57 88 95 127 1364 100 5
74 103 97 134 1364 100 5
68 95 98 135 1364 100 5
102 150 94 132 1366 100 5
99 134 109 143 1362 100 5
82 107 96 132 1364 100 5
99 117 111 141 1364 100 5
31 50 101 133 1364 100 5
91 105 99 133 1364 100 5
67 90 99 143 1364 100 5
59 83 101 133 1364 100 5
124 163 92 141 1364 100 5
75 112 98 127 1364 100 5
107 141 108 140 1364 100 5
56 93 96 127 1364 100 5
113 146 92 126 1364 100 5
90 110 95 134 1366 100 5
25 26 106 127 1364 100 5
16 23 106 125 1366 100 5
14 21 109 126 1366 100 5
13 15 107 127 1366 100 5
21 24 106 127 1366 100 5
18 28 108 134 1364 100 5
13 14 109 133 1364 100 5
15 20 109 127 1364 100 5
15 15 106 127 1364 100 5
11 12 93 130 1707 100 6
119 135 82 132 1687 80 6
8 11 100 123 1467 120 6
18 51 73 135 1353 290 6
11 12 100 134 1353 185 6
46 52 103 127 1687 200 6
13 14 55 134 1687 200 6
14 29 88 126 1387 50 6
12 21 89 109 1387 50 6
13 47 91 117 1387 50 6
15 29 85 122 1353 70 6
32 20 104 119 1227 40 6
10 37 101 127 1227 40 6
12 16 88 126 1687 50 6
15 16 76 125 1353 70 6
19 22 97 124 1687 70 6
15 14 80 125 1687 70 6
44 15 90 119 1353 50 6
21 19 86 135 1353 50 6
42 29 105 139 1353 50 6
27 12 96 129 1353 50 6
16 20 78 130 1353 50 6
21 25 61 135 1366 80 6
25 16 108 134 1362 80 6
19 15 90 135 1688 60 6
10 10 93 127 1692 60 6
14 19 95 125 1692 60 6
10 6 91 119 1692 60 6
8 8 97 133 1690 60 6
12 10 104 132 1690 60 6
9 9 102 132 1692 60 6
14 9 84 127 1690 60 6
9 7 101 134 1690 60 6
11 8 96 125 1690 60 6
9 8 85 110 1688 60 6
12 10 87 134 1690 60 6
11 10 103 145 1690 60 6
19 14 71 118 1694 60 6
20 13 67 127 1692 60 6
12 11 77 109 1692 60 6
12 14 95 135 1692 60 6
53 43 70 135 1688 60 6
14 11 75 119 1690 60 6
10 10 83 109 1690 60 6
13 10 84 119 1690 60 6
23 31 91 132 1692 60 6
13 10 93 135 1692 60 6
14 11 93 127 1694 60 6
15 10 91 133 1692 60 6
11 8 97 133 1692 60 6
23 21 61 109 1686 60 6
25 23 91 127 1686 60 6
15 18 84 124 1688 60 6
21 23 85 124 1690 60 6
15 12 85 132 1692 60 6
26 23 58 127 1690 60 6
11 12 86 118 1692 60 6
17 16 91 135 1690 60 6
15 12 82 109 1692 60 6
16 11 84 132 1692 60 6
10 12 104 132 1690 60 6
50 34 49 132 1688 60 6
14 10 101 131 1684 60 6
20 18 77 133 1688 60 6
55 33 44 126 1690 60 6
23 21 82 127 1690 60 6
9 11 94 133 1688 60 6
15 12 65 119 1690 60 6
17 8 99 133 1690 60 6
22 21 90 119 1690 60 6
12 15 93 135 1692 60 6
16 17 84 134 1694 60 6
13 15 86 111 1688 60 6
13 14 78 109 1690 60 6
18 19 93 133 1688 60 6
30 17 95 124 1690 60 6
10 14 79 110 1692 60 6
11 9 80 118 1688 60 6
15 11 83 133 1690 60 6
14 10 103 127 1690 60 6
11 9 97 124 1692 60 6
11 10 94 132 1688 60 6
88 63 71 101 1692 70 6
10 10 21 82 1692 70 6
14 12 72 93 1692 70 6
11 12 22 86 1690 70 6
102 101 77 103 1692 70 6
83 92 76 111 1692 70 6
16 11 88 109 1692 70 6
12 10 95 132 1682 70 6
25 26 77 109 1684 70 6
13 8 87 132 1688 70 6
10 8 90 127 1690 70 6
11 10 95 134 1688 70 6
20 20 77 124 1692 70 6
10 8 102 125 1694 70 6
11 10 90 117 1688 70 6
10 8 111 142 1690 70 6
13 14 92 132 1686 70 6
32 23 48 132 1364 70 6
11 11 99 125 1364 70 6
15 18 104 133 1354 40 6
13 21 118 135 1358 40 6
109 61 101 134 1358 40 6
9 9 101 126 1358 40 6
21 28 110 132 1356 40 6
11 10 107 134 1356 40 6
14 14 105 132 1356 40 6
11 14 102 124 1354 40 6
14 14 105 127 1354 40 6
12 16 110 132 1352 40 6
16 29 107 127 1352 40 6
13 11 112 134 1350 40 6
14 8 87 124 1380 40 6
15 15 99 125 1376 40 6
12 11 106 132 1376 40 6
15 14 104 119 1350 40 6
14 12 108 127 1352 40 6
20 8 130 141 1352 40 6
37 20 100 148 1368 69 6
12 7 123 159 1652 69 6
25 30 78 111 1654 69 6
24 23 63 124 1652 69 6
16 14 100 133 1652 69 6
20 24 100 127 1650 69 6
16 13 98 127 1646 69 6
18 10 88 134 1650 69 6
34 16 113 140 1650 69 6
32 14 123 150 1650 69 6
14 11 120 141 1650 69 6
24 7 120 151 1650 69 6
10 9 92 134 1690 150 6
20 25 92 135 1652 100 6
24 15 118 149 1650 100 6
126 108 106 141 1660 100 6
10 8 74 103 1662 100 6
28 22 43 124 1710 100 6
10 9 90 124 1710 100 6
19 11 120 143 1658 100 6
23 44 93 126 1358 100 6
32 28 101 126 1358 100 6
23 28 92 124 1360 100 6
37 33 97 125 1360 100 6
17 13 83 132 1360 100 6
28 26 48 124 1356 100 6
14 12 93 124 1352 100 6
21 18 108 134 1362 100 6
14 14 84 126 1358 100 6
12 10 89 126 1356 100 6
11 11 78 116 1362 120 6
16 15 70 124 1632 100 6
20 23 56 118 1656 80 6
13 11 88 118 1656 80 6
11 13 96 128 1654 80 6
19 16 93 132 1656 80 6
21 20 67 94 1656 80 6
20 19 64 103 1654 80 6
12 13 91 112 1648 80 6
12 14 104 127 1648 80 6
15 11 83 118 1646 80 6
12 15 86 124 1646 80 6
14 10 97 132 1646 80 6
31 25 78 134 1648 80 6
11 12 95 133 1648 80 6
16 9 100 127 1648 80 6
11 11 102 127 1648 80 6
17 17 102 135 1648 80 6
10 8 101 136 1646 80 6
8 10 61 95 1690 211 6
25 11 77 103 1686 211 6
18 14 64 134 1692 143 6
17 15 115 149 1682 143 6
18 12 101 141 1694 60 6
9 7 85 119 1696 100 6
9 8 105 133 1698 100 6
6 6 105 133 1694 100 6
10 7 86 126 1694 100 6
31 32 106 130 1626 70 6
12 9 91 124 1626 70 6
13 12 87 134 1628 70 6
16 13 81 128 1626 70 6
21 19 96 117 1626 70 6
9 9 91 119 1626 70 6
14 10 96 132 1624 70 6
12 10 88 124 1624 70 6
14 12 75 110 1624 70 6
10 9 100 133 1624 70 6
12 10 91 131 1624 70 6
13 10 98 135 1624 70 6
16 13 110 132 1626 70 6
18 14 90 127 1624 70 6
14 8 94 121 1624 70 6
12 7 103 126 1626 70 6
16 14 79 126 1626 70 6
10 8 99 134 1628 70 6
42 37 12 134 1624 70 6
10 13 101 123 1624 70 6
8 8 93 122 1622 70 6
14 11 91 134 1696 85 6
11 12 102 150 1696 85 6
18 8 130 150 1698 85 6
16 12 136 156 1696 85 6
10 8 83 124 1352 80 6
12 10 84 125 1352 80 6
14 18 91 124 1354 80 6
11 9 92 133 1356 80 6
15 11 89 140 1352 80 6
14 10 82 132 1356 80 6
11 9 112 127 1360 40 6
13 12 91 126 1358 40 6
15 12 104 126 1358 40 6
17 17 78 118 1358 50 6
9 15 107 133 1358 50 6
6 7 98 111 1358 50 6
11 10 93 127 1360 50 6
31 40 93 125 1376 40 6
67 60 56 124 1668 40 6
96 95 69 132 1664 40 6
18 18 91 126 1666 40 6
10 10 91 119 1668 40 6
19 21 115 140 1666 40 6
11 10 96 125 1374 40 6
39 43 121 140 1362 40 6
8 14 110 125 1362 40 6
12 12 100 133 1358 40 6
15 11 84 124 1362 40 6
14 11 84 126 1358 200 6
15 20 105 135 1362 40 6
24 25 105 125 1362 40 6
46 51 91 133 1364 40 6
49 59 76 132 1364 40 6
57 50 61 124 1362 40 6
609 343 103 140 1364 40 6
65 39 111 126 1364 40 6
13 14 86 102 1366 185 6
10 10 93 116 1364 185 6
17 11 85 124 1362 175 6
38 32 90 125 1358 175 6
60 39 108 133 1360 175 6
17 17 113 143 1362 175 6
30 43 100 126 1360 175 6
15 11 112 141 1360 175 6
9 12 115 141 1360 175 6
28 39 105 134 1360 175 6
107 39 125 143 1364 100 6
44 16 120 141 1364 100 6
39 20 123 141 1362 100 6
58 29 118 143 1362 100 6
43 13 118 141 1360 100 6
53 30 120 143 1362 100 6
64 33 120 141 1360 100 6
32 19 121 142 1360 100 6
18 12 97 126 1360 100 6
17 20 74 127 1362 100 6
50 27 119 143 1364 100 6
33 45 59 132 1364 100 6
25 31 77 126 1364 100 6
18 20 83 126 1362 50 6
14 18 91 134 1360 40 6
42 22 115 135 1628 120 6
30 28 85 133 1360 175 6
22 19 105 126 1358 40 6
21 19 88 133 1360 40 6
27 17 88 132 1356 40 6
22 13 108 125 1356 40 6
17 19 88 132 1356 40 6
19 10 82 126 1360 40 6
36 34 83 133 1306 40 6
208 198 87 127 1306 40 6
20 22 70 127 1308 40 6
13 14 86 133 1306 40 6
14 15 81 125 1306 40 6
43 52 96 127 1308 40 6
15 16 71 126 1690 120 6
16 17 69 125 1692 80 6
17 15 87 133 1692 80 6
52 41 103 134 1694 80 6
15 14 87 126 1794 80 6
15 11 77 110 1696 80 6
24 20 52 110 1692 80 6
16 14 73 124 1696 80 6
20 16 50 126 1694 80 6
106 62 120 150 1694 80 6
35 18 87 125 1694 80 6
22 17 118 142 1694 80 6
198 207 75 141 1692 80 6
709 425 115 156 1694 80 6
192 134 117 150 1694 80 6
83 41 97 127 1694 80 6
58 43 73 252 1692 80 6
103 83 119 149 1692 80 6
76 83 91 134 1694 80 6
44 27 56 128 1692 80 6
69 41 101 126 1692 80 6
31 25 95 135 1694 80 6
41 29 119 148 1694 80 6
25 20 65 126 1694 80 6
18 11 71 133 1684 70 6
26 20 89 135 1684 70 6
15 11 59 126 1686 70 6
17 16 61 134 1686 70 6
15 12 61 125 1688 70 6
39 31 82 127 1690 70 6
12 12 81 140 1690 70 6
15 12 61 127 1686 70 6
17 11 67 132 1688 70 6
16 11 75 140 1690 70 6
14 12 79 127 1688 70 6
15 12 68 127 1688 70 6
17 13 81 127 1686 70 6
15 11 71 132 1690 70 6
16 15 68 140 1688 70 6
37 33 61 159 1688 70 6
14 14 73 125 1688 70 6
25 23 59 124 1688 70 6
24 32 82 125 1688 70 6
18 14 65 150 1688 70 6
18 20 53 124 1692 70 6
17 14 69 127 1690 70 6
17 12 67 116 1690 70 6
30 27 57 125 1690 70 6
37 24 97 132 1358 40 6
12 20 97 134 1356 40 6
16 15 104 132 1356 40 6
12 17 113 135 1354 40 6
14 11 77 127 1322 40 6
16 21 105 125 1322 40 6
21 19 107 126 1320 40 6
10 10 105 132 1324 40 6
13 15 109 127 1322 40 6
27 21 98 116 1696 60 6
31 17 89 124 1368 80 6
23 18 82 118 1368 80 6
83 34 113 151 1370 80 6
48 35 112 150 1368 80 6
39 24 93 119 1366 80 6
51 36 112 148 1368 80 6
32 17 111 149 1368 80 6
16 12 74 124 1364 80 6
38 25 82 124 1362 80 6
31 23 82 116 1364 80 6
24 15 90 124 1364 80 6
40 21 82 116 1364 80 6
27 17 83 126 1364 80 6
27 11 81 126 1364 80 6
32 21 78 132 1364 80 6
26 24 85 124 1364 80 6
43 30 84 124 1364 80 6
21 12 85 111 1362 80 6
27 15 84 116 1362 80 6
44 39 85 124 1362 80 6
44 26 86 125 1364 80 6
29 20 81 108 1364 80 6
28 16 82 111 1366 80 6
38 27 84 117 1364 80 6
44 44 82 125 1364 80 6
46 29 101 133 1364 80 6
40 24 84 124 1364 80 6
28 23 101 132 1364 80 6
72 35 106 135 1366 80 6
31 24 104 132 1364 80 6
37 35 100 132 1364 80 6
23 17 89 118 1362 80 6
44 28 102 134 1362 80 6
35 22 89 116 1362 80 6
53 32 104 134 1364 80 6
64 49 96 133 1364 80 6
62 41 96 134 1362 80 6
72 37 103 135 1364 80 6
57 33 99 134 1366 80 6
99 60 99 133 1358 100 6
47 27 107 135 1356 100 6
16 14 115 132 1356 40 6
35 35 89 126 1358 40 6
26 24 99 126 1360 40 6
47 45 77 127 1362 40 6
30 25 79 127 1362 40 6
15 13 101 134 1362 40 6
20 21 104 134 1362 40 6
15 16 99 126 1360 40 6
19 14 107 127 1362 40 6
16 13 101 127 1362 40 6
20 13 104 132 1360 40 6
21 16 99 127 1360 40 6
23 22 78 127 1364 40 6
38 32 78 132 1360 40 6
37 25 63 127 1362 40 6
25 32 104 141 1358 70 6
23 28 100 151 1358 70 6
16 12 56 111 1362 80 6
20 19 79 108 1362 80 6
14 23 73 124 1360 80 6
27 28 50 124 1362 200 6
13 15 65 111 1364 200 6
25 27 67 124 1364 200 6
27 23 27 110 1362 200 6
15 15 56 126 1364 200 6
33 41 65 124 1360 200 6
20 22 100 127 1354 200 6
25 28 103 132 1356 200 6
26 16 56 141 1356 200 6
67 55 46 125 1356 200 6
13 16 85 133 1373 40 7
16 106 95 127 1353 70 7
188 212 42 143 1353 70 7
188 189 6 148 1353 70 7
170 285 44 125 1353 70 7
22 29 71 125 1353 70 7
25 37 48 134 1353 70 7
5 4 110 135 1694 143 7
286 141 45 125 1356 40 7
302 136 38 124 1356 40 7
10 14 63 93 1656 80 7
23 26 48 84 1656 80 7
17 19 65 94 1658 80 7
25 42 55 94 1656 80 7
17 18 64 94 1658 80 7
25 32 101 125 1630 120 7
12 15 87 126 1626 120 7
41 53 92 141 1360 175 7
22 31 95 133 1362 175 7
16 23 110 134 1358 40 7
26 28 102 134 1374 40 7
359 392 4 140 1374 40 7
36 46 127 151 1687 200 7
63 131 101 151 1687 200 7
12 20 71 116 1687 200 7
14 21 97 141 1687 200 7
12 22 99 140 1687 200 7
11 17 76 125 1687 200 7
12 19 74 127 1687 200 7
11 19 99 133 1687 200 7
11 31 97 134 1687 200 7
13 24 111 135 1687 200 7
17 37 96 134 1687 200 7
13 29 103 133 1687 200 7
18 32 90 133 1687 200 7
12 21 96 133 1687 200 7
18 39 121 143 1687 200 7
15 26 102 126 1687 200 7
18 35 99 127 1687 200 7
16 22 97 141 1658 100 7
15 17 105 141 1658 100 7
11 11 90 117 1362 70 7
18 31 71 108 1360 70 7
16 23 81 117 1698 90 7
33 58 86 103 1353 185 7
36 155 70 103 1353 185 7
12 25 100 119 1353 185 7
22 50 93 118 1353 185 7
26 17 117 140 1372 40 7
32 25 114 134 1372 40 7
25 26 122 142 1372 40 7
23 24 118 141 1370 40 7
37 33 119 143 1374 40 7
35 18 118 140 1372 40 7
38 35 123 141 1372 40 7
25 26 96 118 1372 40 7
47 28 120 141 1374 40 7
24 17 125 142 1372 40 7
36 29 114 133 1372 40 7
51 49 127 157 1372 40 7
42 34 118 134 1372 40 7
34 32 120 140 1374 40 7
33 23 119 135 1376 40 7
18 19 110 132 1372 40 7
29 30 115 133 1370 40 7
38 42 106 132 1374 40 7
42 39 80 118 1374 40 7
29 39 113 132 1374 40 7
39 46 88 119 1372 40 7
53 37 111 134 1372 40 7
34 38 96 126 1372 40 7
51 50 110 127 1372 40 7
32 32 107 126 1376 40 7
11 11 97 132 1356 40 7
21 14 90 140 1362 185 7
15 15 92 140 1360 175 7
24 33 66 124 1358 175 7
9 10 89 117 1366 100 7
20 24 54 133 1696 60 7
30 35 79 124 1698 60 7
19 23 89 126 1696 60 7
20 21 49 101 1362 200 7
165 53 103 119 1387 40 7
44 15 118 134 1687 200 7
249 132 101 135 1358 40 7
9 7 118 141 1358 50 7
81 59 96 111 1376 40 7
46 27 99 126 1360 40 7
155 85 107 126 1353 70 7
60 39 120 135 1353 70 7
68 3 54 190 1227 40 7
153 61 113 156 1360 80 7
18 6 116 126 1358 50 7
69 64 55 126 1666 40 7
118 52 106 127 1670 40 7
247 106 103 132 1668 40 7
136 80 99 119 1666 40 7
28 15 134 149 1664 40 7
24 15 82 109 1370 80 7
26 11 79 101 1370 80 7
29 18 111 135 1370 80 7
17 5 108 140 1366 80 7
25 8 92 117 1364 80 7
19 7 89 110 1360 80 7
25 16 95 119 1356 80 7
10 8 95 127 1354 80 7
21 8 97 118 1360 80 7
361 123 64 118 1360 100 7
705 225 78 252 1358 100 7
593 166 78 141 1360 100 7
79 49 130 158 1360 100 7
501 171 85 134 1356 100 7
187 105 97 134 1360 100 7
239 120 97 132 1358 100 7
1275 276 61 135 1354 100 7
304 87 91 132 1352 100 7
106 28 105 127 1358 40 7
58 10 105 134 1356 40 7
118 44 110 134 1358 40 7
110 35 111 133 1356 40 7
44 17 109 127 1362 40 7
50 18 106 126 1360 40 7
417 106 89 127 1356 40 7
73 17 116 134 1360 40 7
58 13 116 134 1356 40 7
30 12 110 127 1356 40 7
45 19 109 126 1358 40 7
10 14 203 220 1387 40 7
62 74 50 108 1627 40 7
41 42 35 116 1627 40 7
55 49 127 141 1627 40 7
241 195 122 142 1627 40 7
27 20 84 109 1354 40 7
20 16 84 116 1646 80 7
12 14 103 127 1353 185 7
14 17 89 132 1353 185 7
15 16 101 127 1387 40 7
10 10 89 123 1687 80 7
13 9 80 103 1687 80 7
12 8 97 132 1687 80 7
12 11 99 127 1687 70 7
8 9 98 132 1687 70 7
9 6 99 121 1687 70 7
11 10 87 127 1687 70 7
18 11 81 127 1687 100 7
12 11 82 125 1687 100 7
12 13 115 140 1687 100 7
9 8 116 143 1687 100 7
12 7 88 117 1687 100 7
11 7 82 108 1687 100 7
21 21 82 127 1353 50 7
20 26 77 122 1353 50 7
21 18 54 118 1353 50 7
18 15 132 150 1364 70 7
13 10 91 125 1364 70 7
27 18 125 142 1362 70 7
20 22 77 118 1362 70 7
9 10 92 134 1364 70 7
18 11 61 119 1362 70 7
15 11 93 132 1364 70 7
27 17 128 149 1366 70 7
27 30 93 119 1364 70 7
11 9 89 127 1364 70 7
15 11 91 124 1356 70 7
18 17 48 126 1650 69 7
14 12 73 133 1648 69 7
12 8 87 135 1690 150 7
8 7 102 134 1688 150 7
16 12 71 132 1688 150 7
24 17 118 143 1690 150 7
21 14 58 135 1690 150 7
13 11 78 132 1652 100 7
38 25 40 141 1666 100 7
11 10 102 135 1656 100 7
12 14 85 125 1656 100 7
16 13 81 132 1658 100 7
77 54 36 116 1654 80 7
12 8 91 134 1656 80 7
13 12 77 110 1652 80 7
19 14 71 114 1654 80 7
68 61 42 117 1648 80 7
13 11 77 133 1696 100 7
12 9 99 143 1688 100 7
10 11 101 142 1618 70 7
17 18 101 135 1666 40 7
32 31 92 124 1668 40 7
14 15 102 124 1666 40 7
10 9 100 132 1362 175 7
14 11 111 134 1396 120 7
12 9 101 126 1360 40 7
16 13 103 253 1358 40 7
10 10 104 124 1692 70 7
14 12 82 102 1356 40 7
19 21 91 126 1358 40 7
34 34 84 133 1362 40 7
33 27 25 132 1354 40 7
17 17 77 134 1694 80 7
11 10 70 109 1694 60 7
15 10 73 109 1694 60 7
15 15 109 134 1692 60 7
14 8 96 126 1698 60 7
9 6 105 126 1698 60 7
11 12 91 125 1696 60 7
12 8 95 127 1696 60 7
44 36 53 126 1364 80 7
12 16 107 125 1358 40 7
20 14 96 127 1362 40 7
19 16 105 132 1360 40 7
18 20 102 132 1360 40 7
33 27 80 127 1360 40 7
17 13 83 141 1356 200 7
61 67 82 102 1692 300 7
145 133 80 108 1692 300 7
35 49 87 109 1692 300 7
28 37 71 93 1692 300 7
79 78 80 103 1692 300 7
48 42 89 108 1692 300 7
42 35 89 103 1692 300 7
36 32 93 124 1692 300 7
72 65 77 111 1692 300 7
30 27 106 127 1692 300 7
36 29 99 124 1692 300 7
123 87 63 111 1692 300 7
49 44 86 111 1692 300 7
68 57 49 124 1692 300 7
44 28 112 140 1692 300 7
37 46 7 86 1692 300 7
51 53 88 119 1692 300 7
19 17 77 103 1692 300 7
30 25 66 108 1692 300 7
91 80 85 117 1692 300 7
29 27 90 110 1692 300 7
73 59 93 127 1692 300 7
54 58 94 124 1692 300 7
176 128 29 111 1692 300 7
107 140 82 116 1353 300 7
406 366 96 133 1353 300 7
251 303 87 133 1353 300 7
30 28 107 127 1394 120 7
58 51 118 141 1396 120 7
64 60 112 132 1396 120 7
33 19 108 127 1690 70 7
35 20 97 116 1692 70 7
239 204 104 127 1692 70 7
20 15 99 124 1690 70 7
32 25 103 126 1692 70 7
28 28 95 117 1362 40 7
25 23 101 127 1362 40 7
231 284 101 127 1362 40 7
12 62 19 99 1687 80 7
13 38 45 108 1387 50 7
9 19 44 109 1387 50 7
7 29 44 95 1387 50 7
82 246 11 127 1353 70 7
8 58 61 121 1353 70 7
23 56 46 127 1353 70 7
117 257 0 134 1353 70 7
13 59 36 117 1353 70 7
46 61 121 141 1353 70 7
9 15 70 95 1715 50 7
59 43 110 127 1353 70 7
245 395 19 120 1715 50 7
13 13 87 126 1688 60 7
23 24 77 110 1686 60 7
70 54 80 101 1692 70 7
49 48 73 108 1688 70 7
13 14 42 84 1692 70 7
271 317 68 124 1686 70 7
39 25 113 140 1652 69 7
21 9 102 127 1652 69 7
24 12 103 143 1692 143 7
18 17 119 141 1360 180 7
30 18 125 143 1378 40 7
21 23 87 127 1378 40 7
22 11 132 143 1374 40 7
258 330 92 143 1366 40 7
56 26 112 134 1370 40 7
14 13 125 143 1370 40 7
16 15 95 118 1346 40 7
25 25 21 79 1348 40 7
13 13 102 134 1354 40 7
13 16 114 141 1354 40 7
36 12 120 140 1352 40 7
12 12 114 140 1352 40 7
10 11 111 140 1350 40 7
14 36 111 135 1354 40 7
13 26 108 126 1352 40 7
12 33 112 132 1352 40 7
44 4 58 188 1374 40 7
30 7 104 149 1376 40 7
23 6 123 141 1630 100 7
32 24 125 143 1630 100 7
4 5 102 124 1694 100 7
13 6 125 143 1362 180 7
50 25 123 141 1354 50 7
28 20 91 111 1353 50 7
100 61 100 134 1694 80 7
192 116 109 247 1692 80 7
19 39 77 127 1360 150 7
38 101 80 129 1360 150 7
25 29 105 128 1687 80 7
12 12 86 115 1687 80 7
10 15 77 122 1687 80 7
10 15 75 123 1687 80 7
9 24 87 127 1687 80 7
130 314 65 122 1687 80 7
104 172 72 104 1687 80 7
42 125 56 94 1687 80 7
68 162 56 99 1687 80 7
61 140 83 132 1687 80 7
39 108 81 110 1687 80 7
43 118 59 106 1687 80 7
80 162 57 101 1687 80 7
45 120 59 106 1687 80 7
55 106 63 106 1687 80 7
37 113 63 101 1687 80 7
16 13 105 127 1687 80 7
34 43 85 120 1687 80 7
22 22 110 129 1467 100 7
28 27 91 123 1623 100 7
18 34 52 148 1687 150 7
52 48 113 141 1687 200 7
15 31 97 124 1687 200 7
12 27 84 133 1373 40 7
908 903 19 134 1387 40 7
41 42 82 101 1353 70 7
37 68 83 124 1353 70 7
109 118 110 136 1353 70 7
13 26 96 111 1353 70 7
67 137 61 96 1353 70 7
40 60 97 119 1353 70 7
21 24 85 103 1353 70 7
34 42 96 119 1353 70 7
62 72 85 127 1280 100 7
97 64 87 116 1633 300 7
17 25 101 133 1633 250 7
17 16 67 133 1627 40 7
69 56 72 125 1687 80 7
14 15 91 116 1690 60 7
18 11 100 119 1692 70 7
10 10 78 114 1690 70 7
22 20 91 127 1690 70 7
11 15 98 125 1692 70 7
21 19 95 131 1690 70 7
15 12 66 133 1692 70 7
179 42 66 159 1688 70 7
50 29 133 151 1364 70 7
20 13 129 148 1364 70 7
26 10 129 151 1364 70 7
211 119 16 125 1364 70 7
14 10 101 127 1650 70 7
13 10 97 133 1650 70 7
14 12 86 118 1652 70 7
32 33 68 103 1654 70 7
25 11 97 117 1652 70 7
15 14 101 134 1652 70 7
65 53 103 132 1654 70 7
15 13 95 118 1650 70 7
10 9 96 127 1650 70 7
28 17 92 129 1650 70 7
11 10 97 126 1650 70 7
12 13 76 102 1652 100 7
16 21 67 118 1650 100 7
14 11 90 116 1712 100 7
20 12 113 141 1710 100 7
21 15 131 151 1364 120 7
13 12 89 129 1652 80 7
12 11 78 103 1652 80 7
16 16 95 125 1656 80 7
66 54 67 133 1648 80 7
8 7 104 142 1620 70 7
17 11 111 132 1692 70 7
17 24 105 132 1360 40 7
13 12 100 124 1360 40 7
10 12 112 125 1360 40 7
8 10 97 134 1360 40 7
9 13 115 132 1360 40 7
35 40 75 124 1374 40 7
53 62 71 132 1374 40 7
8 10 93 118 1358 130 7
7 7 99 110 1360 130 7
11 15 107 125 1360 130 7
11 13 97 124 1360 130 7
34 29 80 132 1360 130 7
19 21 66 125 1360 40 7
29 37 82 127 1360 40 7
12 10 114 133 1366 185 7
15 20 110 134 1356 175 7
34 30 108 127 1690 70 7
86 56 123 143 1694 70 7
31 31 86 126 1690 70 7
12 15 107 127 1692 70 7
17 12 67 125 1356 40 7
14 11 85 133 1694 80 7
14 25 108 133 1356 40 7
13 26 61 94 1362 200 7
17 17 41 95 1364 200 7
19 11 61 124 1360 200 7
80 46 24 133 1356 200 7
19 20 81 126 1356 200 7
905 583 46 135 1358 200 7
32 31 49 87 1356 200 7
41 21 104 143 1632 200 7
38 27 77 126 1356 200 7
27 28 95 127 1614 200 7
16 65 106 125 1353 70 7
28 33 84 109 1333 40 7
13 11 84 118 1623 100 7
183 102 0 37 1650 69 7
26 4 111 127 1654 69 7
15 11 102 124 1648 69 7
74 46 114 134 1692 70 7
210 181 0 39 1346 100 7
43 45 106 127 1362 40 7
16 16 103 118 1364 40 7
198 284 70 103 1360 200 7
204 209 89 124 1356 200 7
88 115 93 119 1360 200 7
15 13 117 134 1358 200 7
19 13 118 141 1358 200 7
102 127 79 124 1360 200 7
24 14 117 134 1360 200 7
189 214 80 134 1360 200 7
21 9 94 119 1360 200 7
174 180 87 124 1360 200 7
99 174 29 93 1362 200 7
233 211 69 109 1362 200 7
29 18 108 125 1362 200 7
57 78 78 101 1360 200 7
22 29 70 86 1394 220 7
102 112 75 95 1392 220 7
42 63 84 108 1394 220 7
83 76 86 110 1392 220 7
43 36 86 101 1392 220 7
75 73 94 111 1392 220 7
79 90 77 103 1394 220 7
168 174 90 119 1392 220 7
120 96 104 127 1392 220 7
96 112 84 117 1394 220 7
214 220 104 135 1394 220 7
367 270 113 143 1394 220 7
365 268 113 143 1394 220 7
142 151 112 143 1396 220 7
28 13 95 111 1690 70 7
40 18 117 140 1690 70 7
22 18 72 93 1630 140 7
43 51 95 127 1362 40 7
21 16 178 197 1387 40 7
61 35 128 143 1387 40 7
38 22 124 140 1387 40 7
18 20 103 126 1387 40 7
14 34 92 119 1387 40 7
23 27 86 119 1387 40 7
13 20 94 116 1387 40 7
21 18 104 119 1387 40 7
18 20 105 124 1387 40 7
17 24 93 127 1387 40 7
9 21 93 118 1387 40 7
18 22 106 125 1373 40 7
17 22 104 119 1373 40 7
18 14 77 119 1387 40 7
17 21 104 119 1373 40 7
18 23 53 125 1373 40 7
15 19 111 127 1373 40 7
11 15 86 124 1373 40 7
16 15 110 125 1373 40 7
13 23 82 124 1373 40 7
12 19 105 124 1373 40 7
13 17 61 119 1373 40 7
12 42 75 118 1373 40 7
28 8 118 143 1648 69 7
19 15 63 95 1654 100 7
43 34 104 126 1602 40 7
69 41 116 128 1602 40 7
61 42 107 127 1604 40 7
40 31 121 141 1600 40 7
36 23 121 140 1600 40 7
71 43 73 116 1360 300 7
12 11 79 102 1358 300 7
37 34 104 127 1623 100 7
134 200 169 199 1387 40 7
219 206 104 127 1387 40 7
15 16 107 127 1354 70 7
67 80 90 119 1358 70 7
11 9 86 103 1356 70 7
72 67 85 118 1356 70 7
23 13 113 140 1358 70 7
13 12 114 135 1354 70 7
13 14 97 126 1358 70 7
19 14 104 127 1356 70 7
25 10 76 101 1354 70 7
81 46 93 119 1350 70 7
17 19 102 123 1350 70 7
47 32 91 133 1354 70 7
69 54 118 141 1360 130 7
109 59 107 135 1358 175 7
64 37 109 133 1358 175 7
59 42 107 134 1358 175 7
34 18 101 127 1358 175 7
49 33 109 127 1364 50 7
52 32 112 133 1364 50 7
56 31 118 140 1364 50 7
24 25 118 140 1364 50 7
57 43 119 143 1362 50 7
42 25 116 135 1362 50 7
56 37 119 142 1364 50 7
51 35 121 143 1362 50 7
29 16 96 116 1360 40 7
29 16 96 116 1358 40 7
110 71 85 117 1360 40 7
62 34 84 127 1356 40 7
76 51 97 127 1358 40 7
91 58 114 140 1354 40 7
33 23 96 118 1354 40 7
186 121 96 127 1356 40 7
125 83 113 133 1354 40 7
68 38 114 141 1358 40 7
55 32 112 135 1356 40 7
25 18 105 127 1356 40 7
36 23 87 119 1356 40 7
12 13 107 124 1387 40 7
9 14 106 127 1358 100 7
16 8 118 140 1360 100 7
87 71 96 127 1360 100 7
10 9 101 130 1362 120 7
307 377 42 143 1364 120 7
13 16 104 130 1362 120 7
11 8 92 124 1362 120 7
10 8 117 127 1356 50 7
14 11 79 116 1358 300 7
20 15 87 126 1360 300 7
22 18 80 116 1358 300 7
19 12 79 103 1358 300 7
14 10 77 101 1360 300 7
12 16 80 124 1360 300 7
17 10 87 111 1360 300 7
11 8 81 126 1360 300 7
30 17 86 124 1360 300 7
25 16 86 126 1358 300 7
14 10 102 123 1623 100 7
25 22 107 140 1356 120 7
18 24 52 125 1686 143 7
14 5 121 143 1366 60 7
19 24 101 133 1362 175 7
51 20 124 141 1358 40 7
13 13 107 126 1354 40 7
39 40 91 126 1710 100 7
15 18 103 135 1708 100 7
9 13 64 93 1694 211 7
15 14 106 127 1364 130 7
12 18 88 124 1366 175 7
16 20 103 132 1364 100 7
27 27 104 133 1694 70 7
75 125 89 126 1366 40 7
12 13 29 71 1356 300 7
16 13 33 78 1354 300 7
19 20 36 71 1356 300 7
16 27 161 181 1353 200 7
11 7 110 134 1353 200 7
9 4 191 207 1353 200 7
12 10 190 207 1353 200 7
19 19 179 197 1353 200 7
8 9 172 189 1353 200 7
12 17 147 166 1353 200 7
12 15 175 190 1353 200 7
11 12 179 197 1353 200 7
9 12 167 182 1353 200 7
11 8 172 189 1353 200 7
38 46 160 182 1353 200 7
17 21 151 172 1353 100 7
21 29 173 196 1353 100 7
17 10 162 189 1353 100 7
51 57 133 165 1353 100 7
33 36 192 212 1353 100 7
27 32 151 175 1353 100 7
18 28 162 181 1353 100 7
10 17 153 175 1353 100 7
25 28 145 167 1353 100 7
18 26 161 175 1353 100 7
22 38 135 158 1353 100 7
18 39 132 151 1353 100 7
14 27 144 158 1353 100 7
19 24 135 156 1353 100 7
20 22 145 159 1353 100 7
33 32 150 172 1353 100 7
6 12 40 86 1692 70 7
40 4 102 164 1690 70 7
12 19 40 84 1692 70 7
28 7 80 156 1690 70 7
21 4 56 151 1690 70 7
42 15 72 198 1690 70 7
23 18 28 101 1692 70 7
14 12 24 93 1692 70 7
14 12 14 87 1692 70 7
22 3 87 158 1692 70 7
333 62 77 167 1692 70 7
22 8 80 159 1692 70 7
32 11 95 166 1692 70 7
22 5 99 148 1690 70 7
40 3 85 165 1688 70 7
34 7 52 191 1690 70 7
11 12 80 93 1690 70 7
68 11 65 174 1692 70 7
13 10 79 125 1688 70 7
12 9 102 127 1692 70 7
29 10 100 165 1690 70 7
32 7 84 159 1690 70 7
42 8 97 150 1690 70 7
32 7 92 190 1692 70 7
38 2 101 180 1362 70 7
62 37 121 151 1370 69 7
39 24 101 127 1370 69 7
19 6 122 150 1372 69 7
32 12 110 141 1366 69 7
12 9 107 143 1364 69 7
18 11 112 134 1650 69 7
26 13 115 143 1650 69 7
14 17 64 102 1688 150 7
14 10 51 87 1686 150 7
23 33 35 84 1688 150 7
40 33 35 86 1688 150 7
13 7 118 140 1658 143 7
35 20 112 142 1658 143 7
134 80 105 140 1658 143 7
19 12 113 142 1652 100 7
36 25 109 135 1668 100 7
33 22 116 148 1666 100 7
34 23 114 143 1668 100 7
57 44 91 132 1708 100 7
79 40 104 132 1710 100 7
19 6 114 150 1694 143 7
91 47 111 143 1694 143 7
17 8 110 143 1692 143 7
29 12 102 141 1692 143 7
22 10 109 148 1692 143 7
28 14 111 143 1692 143 7
42 22 114 141 1694 143 7
10 5 124 140 1364 130 7
20 14 117 135 1364 40 7
33 22 124 143 1362 40 7
20 14 118 141 1364 40 7
50 27 120 140 1364 40 7
23 18 124 143 1364 40 7
49 29 122 143 1360 40 7
98 55 125 143 1364 40 7
30 18 117 143 1366 40 7
22 16 120 143 1362 40 7
23 16 125 143 1362 40 7
28 20 115 141 1362 40 7
27 17 125 143 1364 40 7
39 32 116 140 1364 40 7
38 22 105 126 1362 40 7
66 46 118 143 1362 40 7
61 37 115 140 1362 40 7
43 28 104 126 1362 40 7
42 20 107 125 1364 40 7
52 42 113 128 1362 40 7
46 28 112 126 1364 40 7
26 18 120 141 1366 185 7
24 23 123 142 1364 185 7
44 26 65 117 1366 175 7
47 18 118 140 1360 40 7
36 22 119 142 1360 40 7
67 30 119 141 1360 40 7
51 22 116 140 1360 40 7
116 58 123 143 1360 40 7
59 26 111 126 1360 40 7
91 39 119 143 1360 40 7
54 22 119 141 1360 40 7
44 24 112 133 1360 40 7
40 22 120 140 1360 40 7
97 47 117 140 1360 40 7
26 22 101 133 1360 80 7
